5296
85235
5962
7473
1364
54948
10449
5328
5716
10189
1161
6095
2971
9343
8347
51013
3184
23194
984
143471
23028
94239
5599
112
26153
5707
5137
5289
291
7855
3015
3064
131474
283106
8323
2962
5034
3654
57459
10846
55967
28392
114876
50507
8878
6332
10092
23397
3006
55090
3835
4591
56603
1562
23299
2256
10249
6675
1213
6850
23210
2650
57539
51503
28908
5565
8916
5293
942
940
3568
5682
815
3106
6206
5152
25759
9785
29924
54883
5725
5432
8654
53373
5594
7083
7322
54939
54461
29899
390637
5582
5802
2784
2197
10171
5440
5690
55311
1627
58
64769
25769
2081
3561
51601
5714
5788
2065
51073
55824
23281
54106
10724
6646
8363
5923
3912
160
216
26589
53615
6932
26091
10109
11091
8362
1058
8161
26534
5048
3020
4089
5905
10093
2534
10928
27341
6772
9870
6195
22948
6230
28912
567
10476
486
9533
5021
242
10241
3276
23081
2628
8833
4308
5868
1300
84171
22800
203068
2932
3091
1290
3726
9021
6714
4212
2735
8986
51308
80036
55008
93343
3065
80198
51393
5151
5515
22953
135
246175
92840
408
5696
7027
554
84259
5709
162989
3337
55825
6150
1295
51317
367
23396
648
5567
3267
8665
5695
29119
10985
6205
2353
2290
282616
920
3679
1537
6334
3706
6464
79658
27035
63891
64689
10018
3577
3456
1816
3198
27121
92
2255
10423
3991
79837
84498
2066
11167
7179
57119
55799
3855
4696
6648
5433
5702
2322
51205
54981
6147
220134
5500
79544
7189
2790
639
4854
8518
9553
779
2886
4342
57473
983
2006
85236
1121
5155
146850
5595
2801
23225
10491
51529
9416
22803
51164
55872
868
84513
8322
4067
477
5016
6119
2033
5694
2247
9887
8894
224
112869
1129
1141
1740
4613
2528
127544
1298
5966
1445
2901
5359
5592
6366
1146
5348
5096
6950
1138
170572
343637
1432
5291
2788
51692
65055
80739
28820
6543
1639
4632
2769
56658
4607
117144
56655
86
218
9517
7520
2166
1386
1356
285093
645
132112
4690
6455
4928
728642
54657
5371
71
7307
5568
26284
8932
7581
7223
10155
8338
2113
157
23569
783
8395
142686
9128
2986
53826
79153
474382
9334
3796
1653
4602
26281
956
6667
6651
3566
51585
3082
7188
6154
28813
53632
5934
126006
200909
2740
3326
23612
55764
1499
1644
1060
23203
8366
9648
6520
23380
57787
1592
5602
59
4735
8349
3930
147700
51478
11156
8764
6688
441509
3921
49856
2767
1495
1017
25839
1641
22976
3439
11331
9497
23468
57192
2248
7965
1595
26086
6288
4839
2935
142679
406983
5601
212
4734
28956
10060
1387
162514
1069
3575
8669
9852
81556
64108
8548
5447
3611
2961
26097
740
5286
7874
5981
6622
7157
3553
6903
84876
28439
2069
407033
5336
9442
23473
3661
55755
5297
135152
51602
974
3908
5860
30968
91
54904
56994
7410
1778
1036
54209
10524
1737
8898
1520
1020
2885
5685
8726
79677
5713
2787
4297
63923
51295
596
988
5298
28991
113091
6654
2771
9173
997
57514
255324
2661
3739
4233
2553
3312
2668
10623
998
5590
5425
83660
2346
84342
1945
6340
53981
79133
4352
1285
123879
65123
1302
23451
10345
6128
51121
9146
7109
23516
10735
85456
140459
55718
6139
81300
2785
6632
4649
284486
8367
8396
1107
84902
55957
170622
64410
6207
607
51433
1441
8822
5990
81846
1763
999
5471
6181
79050
353142
29760
1838
2280
10910
3766
3320
4254
55781
66036
23514
4041
1459
1143
6927
2268
23269
65083
54825
64798
4292
7175
29080
25904
535
80321
25793
10015
5170
163688
9219
26130
1831
6418
122769
10497
282618
6472
1000
29127
4221
6512
9896
1144
3952
494143
231
463
2056
3055
3172
8361
5564
6582
186
28227
27258
672
8644
5591
6424
23439
28796
900
9641
5546
4048
3183
7984
5288
208
159
28977
55722
219957
54512
830
9997
5347
51809
9112
94
6737
8513
3694
801
4537
55143
5430
5330
3672
3549
340267
2947
25780
1258
1134
9628
6352
11280
89122
5436
821
1235
169044
6135
1572
140838
10256
59345
27124
7442
128312
9295
6636
3014
93
4683
4540
23345
11316
145957
4801
836
3680
140735
1385
7535
6152
3588
5305
80346
11103
51230
9789
5431
79084
891
28395
117155
4909
8021
54107
113130
5578
2695
10121
5597
25977
1191
183
2395
4088
3134
8202
4283
10488
7337
79820
156
10400
3306
28834
4085
273
56288
2869
10120
85021
28920
10084
55257
8819
10289
5684
388372
2261
51135
10369
57406
6124
7024
3269
26228
7468
131890
3449
4144
2796
2335
5715
55283
5718
3815
777
1003
2099
9846
23533
5294
8344
3785
51649
6327
140803
1594
5027
468
90865
9377
972
9618
5001
3684
2965
9368
917
483
2902
1365
3163
996
9474
9057
1163
51764
6432
7905
2251
6374
51196
51166
9542
50614
776
56902
10550
2819
9349
2897
84946
7156
93323
5000
9978
5669
53938
84545
51130
2580
407034
29943
6233
283149
2913
85301
1278
3084
5154
238
5610
6156
695
6224
4952
4882
137964
5519
115
929
778
3690
6733
3558
88
23608
7226
2263
7314
64960
4139
2882
5024
6338
51755
6314
5315
1847
1856
8453
4040
6505
134
146330
482
7133
145173
28461
70
5686
4609
7374
4090
2185
80237
324
8348
29761
5049
9630
9775
10762
80012
6160
5580
2199
863
23636
23057
65008
5830
196883
1108
685
5770
221035
1812
3918
79809
2783
5018
79074
409
841
54822
5721
23678
91807
2773
1259
2975
54815
54474
728
1936
2959
2237
3791
1950
1964
28816
57332
8641
1650
492
718
1080
2258
28394
3537
4204
23149
8294
148327
1212
57703
3565
2572
353
8454
162699
8365
3396
867
23283
185
8178
10254
83657
5587
8900
3493
2792
5660
10445
2898
3383
389541
1813
11325
28996
171389
3814
55970
517
1479
3667
11140
8352
7430
8440
7225
369
7704
5468
857
490
476
50813
57569
51138
782
1452
28952
4804
9829
491
2152
4717
585
2315
2475
127
7422
6256
658
5693
64080
4641
5290
4881
5176
79924
1137
8649
3441
55615
5566
5138
785
8329
3673
84950
28919
7827
784
83481
1024
9107
2918
51586
5932
266675
54518
2157
1513
54821
6382
80067
9402
22914
3315
140825
1512
374
6574
6778
94235
3925
28776
83597
3502
2070
51362
80350
51606
2950
1296
2348
10197
8639
8336
3587
1762
5524
8346
6670
39
10283
5441
9612
4860
8313
6730
9070
2912
4087
8567
136
142827
902
5618
1429
3717
6122
53828
23786
84100
55726
723790
2826
149111
255967
3762
1136
3725
55800
65985
5585
10393
10978
3939
788
8515
1660
8520
51074
63827
2260
3745
715
372
122970
23641
219869
29074
5426
60
2589
90102
790
201626
8517
6839
5451
1647
627
6480
84962
3155
10920
3421
283652
9643
9577
930
84131
340665
56339
2118
7074
3709
8666
84261
5699
9319
1974
6329
4832
1409
5978
7525
8553
9662
55693
2917
142685
1742
5689
2323
4589
4176
23646
55832
3551
3359
57642
1133
2060
9133
1374
328
7417
3099
382
1019
9441
5691
219931
116541
2286
8896
9817
6709
10635
1303
7392
79888
5287
4836
79577
7923
1147
84871
2786
155066
1523
1457
4893
8355
84909
3937
379
3458
1477
5970
4191
129401
8737
6223
64764
3760
26610
2246
5195
2305
472
9382
5692
51103
54845
207
149951
3633
5987
10554
6923
495
1718
7030
41
54874
5607
91687
2212
3460
22820
5584
92369
255626
8671
285242
1431
775
23568
6193
28755
2782
79184
29947
8342
54801
10892
2289
8527
1475
60678
5683
55114
1855
403
54577
56624
8394
1730
6720
6843
79822
1496
259230
27091
50852
832
344892
2549
2793
8451
27302
55766
51096
92483
8331
5688
5518
81559
1811
89839
9254
6511
8660
8357
127124
8925
9700
7850
55278
92211
6430
9901
6497
4524
5439
7170
10413
51099
444
10898
4214
10580
64963
581
8612
79143
6521
3559
5708
26239
7529
151636
1182
4705
11145
7321
2327
4535
3655
2908
3597
10382
6396
51397
2686
2214
1814
28797
5159
1029
28434
1435
1857
122704
2791
7373
1325
28937
1844
8676
595
80196
87
100506888
2034
375
3636
8823
727
673
9156
4809
64425
10517
27430
27043
5326
55689
160287
6045
2145
54331
51676
2983
2967
990
2629
9282
257397
5976
1271
51116
5469
9861
8435
5532
163
2906
5349
2017
3301
6568
56110
1915
995
948
5728
79980
440689
4686
1975
54751
30849
274
1995
6202
5268
2209
6456
10181
5167
1022
6610
1559
201164
8867
84844
54757
6305
79019
51449
5921
27238
29880
435
27006
26127
5521
5575
5026
6885
657
7403
55326
6189
653604
2242
8503
2177
8301
285755
79841
1269
5073
5664
5883
56848
2281
54361
89869
54714
5313
140609
5058
139189
5701
1193
57419
1004
373
5825
51742
7186
6857
55746
1793
6477
9564
220988
2597
58513
4192
11065
54148
23
3257
8968
2998
253827
1665
8339
2175
79654
1103
11073
8661
9939
6598
1026
3861
6357
112755
3480
378807
55904
7476
2948
636
5924
613
10201
57118
57016
5971
6011
25909
680
6786
4552
57835
991
653784
2776
6829
55120
269
8359
150465
5862
4782
84085
5406
79369
8487
2057
816
9177
64981
377841
6777
5787
6187
5435
221613
3914
3053
5863
23186
6130
83593
3125
8907
90161
407044
7368
28973
4605
11047
83549
23054
9657
10563
5831
6263
28913
9945
63916
221002
8673
9646
4193
166
28907
1135
2891
121441
89
4707
64078
558
10946
178
5879
7423
1478
84961
375790
79682
5906
440
4794
63976
3909
9341
10298
10419
85403
11340
122706
219473
2774
346606
246
56121
493
55140
799
1306
5982
466
84790
5467
259307
29765
580
4670
51802
5717
2249
8356
57159
57554
59341
118788
54926
2966
10262
4673
440275
9040
10980
7818
4908
5782
5997
4128
699
9495
2946
6125
192666
5434
6303
63940
1741
64979
2073
11282
81887
1442
5720
55110
1122
6483
23491
25
81
116540
57325
5333
1956
4629
9820
5207
226
6727
9372
1788
2244
22916
334
85302
351
3754
10379
22994
10718
51023
22936
10746
9491
10003
126961
2161
2582
117143
11190
5202
284
2873
29098
604
5903
25885
55656
10165
28940
89890
2048
27335
387893
6878
56143
151888
4074
8358
7143
5706
2624
154007
204
9026
1401
5994
8085
518
8534
54511
51181
80024
28921
140462
160851
50604
57461
8812
1994
915
7515
2554
3659
6908
5704
10941
4541
8337
23326
622
4236
25978
56131
9475
11146
655
57129
60560
90
55707
7014
2558
57647
10313
79659
83440
7042
2713
11127
9702
2904
23295
23122
2890
29968
6047
11014
123041
27257
2035
64946
5621
23511
2810
640
10681
10671
55361
8727
25897
29101
9330
5573
27040
2899
10987
154141
4773
5710
3718
10574
93589
3598
6170
10421
2074
10007
6262
9818
56099
147111
6925
55336
10199
1944
79310
28450
23632
6862
4435
7917
23710
5393
1453
2252
3685
4927
84078
1363
125
55742
255758
51202
6385
333932
10331
2521
64428
5893
5894
3191
7498
10963
4005
5295
1861
64116
10162
8871
6387
128866
6235
5700
960
11015
25976
11030
3646
51272
9420
2710
771
780
116
113026
23683
64105
377677
404672
8655
22949
7220
28449
3716
4736
7884
1535
27077
55166
2309
23649
6161
2264
6390
55215
2765
2893
192669
51147
4303
941
5528
2559
861
338376
688
27338
79023
10438
7251
3481
9493
3708
6347
10285
64708
10368
83888
8848
4110
23062
8431
3021
9039
8614
24144
5630
10575
115548
54498
6168
3958
8364
1759
760
60487
152831
2253
84126
1081
3932
28930
353500
6137
26190
10193
1962
84991
384
51248
9015
506
66008
84749
80306
84528
5099
79172
29801
3980
7039
8543
1277
22928
5198
675
11100
90809
10293
64109
808
7270
2870
23386
6602
5663
7168
773
5169
6129
1968
84333
641
3135
6134
81544
55142
728929
5781
22845
100302238
3631
4897
8832
10772
9
25855
6049
4790
8099
9653
51360
197342
10667
55929
1463
54984
6717
54848
29949
11243
221830
6804
51540
1392
1581
79590
4780
6138
11052
60559
11020
6091
5871
23450
1958
3681
7976
5870
3691
6185
10434
4628
11337
11099
51065
1558
7253
8557
4796
23048
3371
3308
7297
10013
29763
26330
96764
10320
2977
1993
28457
26005
7431
85439
6164
1555
6643
6449
3181
9972
5581
64326
1588
23208
5257
3665
9470
5579
2241
5116
84335
142680
22992
6629
2643
1400
8738
6502
80010
55666
10840
102
6165
1500
64132
904
1949
60509
102723407
7482
7703
64419
23142
10678
5698
3133
5506
3017
3066
4784
23332
5071
3710
51691
774
10806
6621
1062
4172
6812
8766
11064
23765
176
10621
5337
7289
8139
1142
8818
115650
4086
10094
80273
55789
57591
4301
57144
22995
1604
402
4946
59067
4175
5192
51806
127608
9025
3501
6500
6356
1808
2274
57113
248
54806
213
3329
5160
119772
3704
54623
11124
79866
28878
2905
4215
57103
388714
6167
4650
4615
9738
10713
6142
7013
3293
10552
8351
1655
25816
4036
50848
90293
124975
10079
81608
23354
10690
26052
55182
3092
7048
5880
4915
6446
1654
414918
926
2068
81929
51763
2140
6368
1436
11335
23493
7329
7084
493869
144699
3578
3938
51594
26035
3929
162466
2288
219927
8290
387103
9153
5300
6146
345651
84142
8611
3881
919
4353
83953
654364
5522
254531
5888
4331
353137
9926
2224
4035
3187
353144
3678
6872
4478
1120
481
4134
3630
54490
5335
80380
9938
3576
79753
10370
3500
479
973
338
6300
171546
26046
30834
6259
2916
2752
84920
57631
51132
9261
10023
2697
2779
78988
7707
3467
55696
57504
5914
26258
92591
79885
84971
83932
329
81579
28474
240
805
2178
2688
55835
3233
4116
22826
58485
1460
293
51426
54859
4703
11160
11184
3213
3822
2492
2067
3416
9351
23478
5422
11197
4851
6868
5678
9148
339983
7475
93661
54930
26693
51645
283208
825
1822
7879
64786
64859
2275
7367
574537
10849
10478
6907
1072
57828
80764
5603
3601
140456
5933
6883
23512
51701
9439
3765
6487
1439
10568
9903
2800
548644
8491
6423
23597
1208
3188
8687
55174
817
114805
8324
9666
6732
6328
83732
4886
85313
48
29093
10362
11157
4207
1398
8360
3542
6929
3693
72
55343
6285
55233
6310
95681
1292
4994
26191
2317
9014
1025
8881
29086
515
83696
892
346562
11224
55559
9647
3514
9971
6678
51523
54579
25936
8564
26155
64426
55860
8218
7150
3169
11213
9573
9557
2259
7316
3945
56979
91942
338328
51725
10919
5499
58488
2063
56477
8844
55851
259232
659
8526
5786
25805
80347
80168
8334
5230
375318
1139
7204
6171
8697
2768
5493
9487
122740
3600
65057
64976
570
2444
5925
398
1511
5104
317
1576
2254
59277
10365
8626
28987
10921
8678
823
3170
28299
26873
933
1501
3895
10097
54998
10342
8803
9586
781
64405
2696
839
51642
8815
55578
6059
23382
378
166929
23007
378708
5873
6326
8243
2010
154214
55839
126433
2555
2494
10056
2205
7108
23275
55191
2203
5687
84699
5037
8450
2250
8471
1438
8835
6696
374659
221264
29993
10988
59283
8330
80205
480
8165
705
4868
26224
80776
8780
10945
117246
708
4781
9099
7082
1301
9013
9185
10398
8449
8915
6596
5501
7327
1725
6468
23658
109
9656
28809
6337
285
10664
898
9730
134266
80176
29988
10392
51422
6547
1289
27018
7428
6354
57636
65220
5094
7264
6569
8368
57187
55585
8289
142689
3978
9716
114
84879
27339
3178
1981
6348
25847
1154
84172
3595
1185
23385
6613
5826
5908
7462
11283
90480
5593
6921
332
2324
338567
9045
54576
843
7323
23421
9311
9869
148
2730
29894
5662
7536
818
23539
7479
3913
150726
148738
7328
2059
7161
4842
23582
8976
8924
389
3442
7424
8473
4830
55677
142
3156
959
3676
1602
994
22818
9874
9735
10038
1174
27161
23654
10139
4638
177
8545
57542
10873
8826
116255
116028
10126
1084
1462
5596
5711
2107
23708
5119
6169
2091
8335
22848
285643
84541
192670
6141
2539
79595
6272
10652
117145
6159
5331
3875
11094
3313
3029
3834
1173
9047
1291
10075
28883
155
3593
55568
605
8345
2122
154
23466
5625
121504
10998
2744
6536
2900
27115
957
23236
5562
23165
5226
693187
3185
8874
9322
301
5321
79902
890
29116
111
8905
5429
8970
8354
829
4323
23576
79813
115106
140032
343578
28451
107
602
122481
2953
3486
79748
2196
79754
80150
10768
4000
51127
4793
100101267
55301
23002
387778
6718
1281
22832
1263
390151
147841
23305
3838
10498
79959
1045
3199
7881
3211
1756
373156
1869
22978
5424
11060
2990
200010
3556
10130
2561
2914
10451
162605
9965
545
23509
80228
1910
26986
11222
2746
7416
406
23517
22908
23161
6304
406935
7046
10726
128371
6928
4174
6506
4149
9512
8817
10592
11342
57105
701
1437
2332
9410
1130
4091
6330
7391
8837
8662
9560
3479
6210
6767
9196
2064
10523
440145
292
6879
9862
53822
211
8841
8341
2319
5533
50628
7124
6452
54145
8295
896
3251
2903
824
2071
124
4015
56137
23173
63893
8667
8890
4300
55845
5143
23650
5526
2963
8887
23256
7059
51752
64983
28896
1286
2670
7919
197322
8573
56259
54534
54925
1636
2625
9468
1785
51082
1663
8350
1545
7052
126129
3118
23118
29922
152
5465
1571
3030
6944
55503
28452
1370
6386
6522
5866
2919
3013
23279
7029
23016
23291
2892
340061
91768
201254
64343
54543
83540
9318
2678
54927
9669
51666
1063
10069
79598
2861
5025
5913
8648
4914
1551
26512
819
8974
6595
3880
10240
36
8802
4357
92579
5232
1454
10610
467
2
336
4719
333
47
23131
3554
29088
8224
6428
4190
9098
650
9127
3674
5265
9883
64579
8555
1979
56913
3443
8499
10112
57794
56975
1268
5777
8533
5525
406891
407021
64131
28778
23322
10855
1307
10607
23001
391
2817
7840
55004
80896
3452
29979
1757
6606
885
56144
653
65263
3656
29851
51226
8825
3911
51626
2524
5111
3242
10733
9616
7533
3304
54764
5438
10273
28791
6663
5529
8821
26223
3850
9150
2648
811
5576
11275
5260
10284
200845
85476
84735
10811
4694
11116
8034
5008
7132
29099
4691
2690
8714
6745
1630
34
4998
2316
57605
1938
5881
5606
11051
124995
6548
6774
5729
9793
4208
80152
6144
57101
6373
5332
8086
1839
5241
9469
91408
6346
56934
8314
1288
55958
100132074
1488
1848
3209
28903
5153
9879
55879
90135
3727
1519
316
249
55756
7134
30846
196513
1399
3837
23248
2775
51343
55768
2530
9530
9266
91860
978
2679
3692
905
92745
23390
3606
10450
381
11102
55749
88745
2778
865
10949
11345
6367
7849
730
1407
23019
9149
4916
4869
390594
23327
9020
28938
5074
2833
79158
2673
282617
9600
120103
10948
6323
51808
11097
80310
10557
4763
9423
554313
4855
9790
56474
9844
1577
124583
2647
57819
339122
1645
55300
6155
4700
90993
572
10053
2100
3824
3703
7086
142678
27340
9255
8398
55787
2781
390271
58191
8001
22897
81565
548593
4778
1969
83439
27328
6324
1314
54165
57120
29956
2318
3192
2153
10390
5338
6609
713
51009
51025
6810
1629
8688
84251
126
10014
2923
1642
8326
810
2692
56302
26043
9170
6687
9365
6123
84661
358
2957
8343
217
8468
654
51301
26270
9521
7388
8525
5188
9101
119
6557
55193
8554
1739
5062
4261
7341
84759
10282
1634
121275
10144
9183
219970
2803
54550
1203
6854
7060
3207
5516
2617
27235
93624
84289
8989
6571
6741
4288
26173
6655
23114
5023
10388
151449
347732
9856
6498
5306
22920
79101
4093
122618
6249
6615
23059
356
5563
55294
221
3802
7178
401541
8663
151194
6227
10425
150684
55290
256435
51765
1908
2952
28454
219541
288
8061
23389
28424
83547
3112
147
4055
4856
25915
55905
3570
7407
2874
1048
8724
57580
1124
4917
3004
3632
10693
366
7153
7135
55703
8940
2868
6261
55515
53944
2770
10629
18
158131
25949
23020
2669
2895
8747
551
10514
3018
123624
23600
846
478
80789
7267
196051
50808
9892
1395
349565
2011
6204
10965
79791
153
2257
840
1892
353135
727851
56112
7474
3494
64320
1948
8353
598
57654
117177
55571
8480
55529
5719
204219
847
84628
9223
26232
5217
3113
3977
25913
3265
5886
539
219595
83548
6697
1508
26118
9256
55818
9791
5984
6936
6363
5201
2535
712
950
5747
2132
5394
6453
9138
27237
5819
3068
10096
763
54510
3675
79490
140458
2181
2915
6426
22954
3360
6790
55750
3594
5252
164656
2359
2911
7867
26063
7291
6575
118487
54947
140
51077
57522
197
6001
11165
29072
9990
9477
84869
11069
2551
2641
9529
9651
3446
28881
3608
348158
6376
23412
55706
2766
8193
5535
79008
6482
5069
57381
3627
2968
10584
6157
10818
55770
79643
147945
2958
23047
5460
7248
4706
51291
50636
3105
9184
7097
58512
26271
2525
115019
3735
6331
126792
65264
28893
6597
1937
2295
3592
2712
29126
9815
79077
51010
25804
8992
26291
28823
80145
4846
1468
254263
51561
3455
3109
91949
6880
3497
5168
8973
28442
64386
8228
10576
6996
283807
23404
6607
51651
55521
9687
8317
360
6234
3625
29882
79071
6336
10569
392
2026
3609
93107
51003
64333
1514
11181
80314
51643
6788
2049
390260
3283
161
8945
11007
23244
10095
4695
6820
28822
10466
5095
146956
6197
140809
26523
10850
3136
7203
1018
9759
10111
50937
9276
79993
283617
3799
8484
8328
10134
140801
401036
11235
1490
55819
9175
9575
123099
10783
9048
1755
23581
27316
6628
5985
2747
8643
4616
113
1111
8568
10344
5631
2547
27102
3886
10291
56950
5437
90410
8539
54973
1807
3122
4606
30
10048
27349
28793
63875
10499
56001
79611
55093
6429
528
8463
51378
91012
84938
11035
255231
1783
3297
5901
27297
958
7185
59285
5617
23163
27
2052
114971
1075
26272
9113
796
28914
6209
6524
4131
3579
3688
2078
1912
9136
1388
3240
4171
5930
127247
9855
23381
257062
55327
79139
90701
83473
286
51264
3303
9583
79735
6827
22801
2207
1234
8340
84132
4791
79961
79869
146
11144
162
3000
1294
8787
496
254948
6503
51085
331
22894
4012
7022
55388
11037
9604
2149
2960
23198
5520
83988
4604
10436
392391
4593
2621
1717
4322
516
57818
9126
29785
3190
85360
11036
54850
55998
5223
493861
29883
7128
488
2812
2115
5411
114049
55660
406883
2987
22794
1299
317772
255189
1802
9031
10477
6484
1114
7364
64928
146712
10513
1906
6902
11211
26984
348995
56957
2072
11200
7311
653689
10817
3705
51143
7979
1583
149233
8310
5356
6601
140460
8541
8850
5878
8452
25945
353145
51176
5133
64781
3009
8969
79054
140886
7412
10970
127833
9123
92856
51465
10049
2651
5156
83933
51562
3569
4160
4833
916
1780
29911
2937
3763
65993
759
6924
89846
1284
57452
100506248
116443
8408
5534
29079
51213
10715
5449
340273
3635
6603
6132
83697
57154
143279
57511
9967
90423
5210
8200
361
9388
2979
10752
10480
8569
9639
11266
487
10243
3883
80742
55109
6229
1059
79868
8106
5352
4678
4867
57531
4843
6232
3769
5063
644672
7572
9801
8516
8535
55584
5911
11258
7804
3336
6237
28933
25791
7376
390792
7409
51567
6662
28901
3294
340156
6776
6335
56103
1649
4282
3741
10058
64837
5019
534
10465
682
23432
6508
64802
514
9961
10618
107987479
6194
6425
2982
8854
388585
26121
105372280
1050
79897
5780
23456
11267
221687
2717
25842
3603
131405
1580
5910
3567
140461
8742
10720
9968
7075
4747
1352
8241
2147
1491
4049
79685
5005
79695
4046
5053
4929
28465
108
27436
80184
3280
7538
284525
5530
54778
2829
79948
2562
60561
5121
9531
5600
3772
56915
9232
7799
10540
993
2180
26275
445
9804
652
3217
3797
5928
1586
3858
1832
4723
90390
323
5859
7528
5926
1522
60482
401505
10059
3158
2814
3948
3339
4008
9688
51719
353133
56034
9162
4708
57082
445328
10157
4286
7398
3682
405
2146
7532
4772
1815
28976
1051
8321
5887
283455
4907
11056
7099
2671
23521
64754
91373
56943
2587
11132
5536
83737
6469
2940
64170
100271715
4129
11025
28
9550
2520
9371
6117
23673
84076
2813
55647
8897
141
54487
3949
33
51520
283162
51382
10135
79718
58490
50509
24148
54556
1056
5801
29082
5473
4942
83990
80006
4656
6605
80254
22
8613
10636
3059
2674
80097
2571
64951
54205
116835
9631
875
1186
5636
51251
84321
5045
1836
5723
29110
64841
3093
27252
8550
53339
3786
25782
8809
79890
6789
8481
5608
52
6570
2974
1601
22929
9188
126374
64421
2235
4718
1008
7010
8607
163702
1608
6612
335
11216
6126
3447
9951
641371
64834
3872
10324
322
4092
4879
115209
89780
22999
4774
4853
4502
7224
56965
59284
1603
3845
355
3981
55356
23169
3560
5583
1622
23303
3707
146909
8560
509
162417
1579
341392
84311
2125
1413
64682
5033
9394
55131
3836
122011
126432
8751
114907
2733
84895
57728
6143
2566
406896
651
9902
84193
5144
4188
116931
56000
23586
8622
246778
10570
9094
406882
7809
5213
23779
93492
6626
4218
26524
8767
2491
259
115703
9498
144455
9314
8065
786
5586
6672
53832
7483
11009
22905
219428
51637
9397
113179
2531
55840
121536
23067
1781
219
2822
5527
132320
51380
4536
5193
255488
64218
10252
64072
57576
1917
7702
1196
51588
6136
55593
407035
56924
114757
9360
6240
80243
64446
11098
4753
2151
3663
5705
6840
6604
406889
10657
10971
283375
2590
10174
1305
6096
23097
677
130340
54884
29803
84894
4899
54675
51292
7277
8115
3713
51112
4803
2865
54820
285973
6370
187
6775
397
8148
54951
125206
9963
51128
27092
25984
9074
6349
64902
6594
284541
196743
2805
57521
1270
23321
393
164
9296
3507
4094
22985
6528
9929
2213
5730
1674
5791
80271
6915
10286
54472
80204
2120
1610
84166
9957
28420
3866
54480
4692
563
90589
23545
6671
92482
714
3702
9918
3621
79003
7284
2308
8546
6616
22888
26145
23624
10318
9722
7205
4698
2618
23087
2121
573
6133
5140
406893
133
761
1009
203
57186
10528
91543
80153
26027
26249
7158
57805
8913
4361
1731
64711
5413
6173
85464
9246
27094
25896
26229
375056
4059
633
129642
284119
51263
6657
9913
9092
1789
55869
5427
3972
7593
27243
3357
51726
6364
2053
1589
4776
4217
4111
100
65080
26354
9049
118
2135
55763
10953
10005
98
3281
10235
23587
11081
10594
4792
2939
51429
6881
60485
54567
57449
23532
23205
1946
83695
6888
54555
84282
4216
9729
6383
79016
3012
27005
9734
1013
2138
3356
51386
64098
51501
4101
3483
58528
4143
3714
28962
148581
835
143425
55208
51738
1297
5351
4289
55272
79400
10558
125962
1021
8694
11176
6050
1027
5101
84733
8615
3860
23464
6092
1128
10376
112950
1738
23761
29930
2665
6431
8717
26538
2570
114884
374378
4194
10782
175
5166
1455
25873
7404
3976
5983
51706
9002
10297
2488
623
3482
132
729230
7184
6457
5829
8325
10207
144453
6712
340654
57520
10380
3310
7936
5204
953
161725
3628
92370
10952
10200
9369
85366
23043
91319
10212
4544
63967
32
7454
27330
22866
5211
1907
7678
1315
4287
51434
10156
2672
8227
533
2720
571
9508
84108
3586
5464
60490
84944
11252
11332
7091
374907
6722
4284
4248
837
8729
1326
1942
84231
119548
283899
55729
390877
5093
8079
966
5889
245972
9636
84316
29978
10983
3728
1489
2193
1656
7138
11198
7040
5609
5361
84340
1846
56623
10972
643
7484
3851
326
5890
4728
81539
25926
158835
57508
25898
1548
201176
5789
137682
3309
7031
8370
4643
79159
9446
28653
1230
2516
10474
51703
9611
10401
5869
4684
6248
345274
50807
3538
5915
10902
7137
9141
3224
5605
3645
55454
3384
8682
8078
9034
1440
414062
1390
196528
9358
8312
7294
387
10403
353288
149603
84516
54617
84676
3448
4999
83755
83443
79623
11313
2729
5571
6559
84912
26036
50649
2875
1005
5783
3069
3503
201456
9985
3362
107987478
537
23046
8500
222235
83666
10901
2354
1871
64857
2806
7718
83795
7750
119391
84284
3955
6293
4800
1806
4350
9093
1052
64324
55122
593
859
3743
6625
40
4644
441024
9210
653361
51320
4298
5795
10125
2976
1875
55072
6360
23460
7037
159963
6729
59343
23379
23107
29948
81876
10152
6339
3516
27183
3096
26133
5629
6342
9370
6523
6757
26108
8074
5771
5745
9685
146861
56135
79876
54575
55843
6572
124997
56970
3660
2512
1719
11040
4058
5836
6307
114088
3054
5136
3757
5732
64087
1308
5998
5867
5810
10046
55276
28825
29974
6938
1280
8664
23523
3689
8542
64219
3846
1959
28639
4642
6182
129607
256076
498
54988
5792
4508
8625
10721
27327
10327
199990
57085
64121
1287
2194
43
353132
5228
4163
51201
6752
84246
5266
84720
4023
9245
8861
126328
167227
50618
8242
112752
5108
10206
117584
51652
10573
89866
6549
90268
23562
3232
29115
5066
9212
80298
1843
163126
5885
65003
6405
2623
54578
1310
83667
10325
51253
23645
4534
3643
7345
27229
29945
1503
28817
4017
4635
58478
9794
7922
10933
330
10617
54831
165679
9203
51533
3839
8332
1207
5884
3164
909
1616
6217
28998
5149
11143
25831
3868
400569
392133
9125
84188
51094
51035
28874
84647
81616
123169
51557
590
6301
283458
9500
27000
51118
4319
64975
90678
51552
22796
7415
10564
9479
6558
2920
89953
11059
5334
26290
7913
4038
64174
22919
6372
6898
64411
1493
10110
7334
3123
2139
51497
9686
438
8529
10294
79065
340485
64854
6713
5742
3495
54891
9367
4904
8723
9208
7419
136227
9129
171568
6773
55125
54659
23014
26267
2187
90933
139285
79622
27165
5142
340419
5861
9969
6231
128308
56097
1237
10869
1394
2220
112574
390079
154091
6513
3859
3098
10694
23220
4332
57551
29967
23370
1557
10482
26515
348
9054
6499
4051
2027
7112
1786
10090
5794
7862
10475
9692
7015
139322
1066
553
1376
1787
954
9871
9733
9912
27434
2741
7541
7222
28988
4337
3806
1088
93129
2683
3831
115290
23243
716
9528
79831
23184
5588
3842
64135
6573
2355
55127
54941
56141
4306
35
377
8651
4878
955
10276
57122
11269
1211
10813
5080
261734
3437
83464
81327
200959
58476
1183
283748
125115
1487
5141
29095
3459
51514
4831
27241
5079
5507
1001
80781
6742
8600
91522
6361
10714
85413
26060
223
7534
26958
92815
100526794
80854
7011
221223
55070
4701
56344
10250
51375
3035
9306
9187
7852
51209
51088
80014
10753
1073
7273
9061
6699
23030
5148
51733
10912
222537
9554
102800317
27128
4688
57117
7167
284433
6811
6837
10411
1973
10587
1613
79931
56993
6728
10253
56985
6258
51667
84708
54464
29990
546
6844
5803
4486
7564
157739
55613
257202
6640
10244
54962
149018
8668
5452
1565
9905
768
9890
3445
396
1825
3696
4125
1041
2515
10891
10270
84532
1536
58504
9228
1870
8125
5577
6118
5764
153090
55914
51079
6884
2941
635
314
84967
3444
29105
2170
267
79913
3990
11240
1607
23135
9247
660
9672
5476
406991
833
51305
6624
2972
302
27231
84803
51564
128367
10534
11171
3148
229
53842
53
7779
6203
3028
7305
3398
4926
11285
3214
65082
9828
5105
6871
6473
8772
8698
2357
130
8428
57030
1410
7318
11083
11072
2687
51690
22926
55197
57674
5644
23191
51455
9413
5931
26508
55697
6218
245973
433
57104
23365
1977
6532
1384
56922
3150
22856
22806
9701
353140
9350
10170
84861
84618
55181
1
54069
340529
10856
5993
251
9827
59349
1028
53407
29926
2046
8650
2867
10533
2969
53630
2984
383
83605
4751
4889
55662
57282
550
7486
15
8816
6294
2098
55739
200558
150763
51728
10914
55814
400
6517
51191
2005
57571
1933
5191
2334
57472
8797
3052
4438
51477
139760
154215
8693
552
90780
3038
23462
84061
60488
6785
51324
26707
22872
10606
54541
11201
10663
6660
2050
5817
56894
6533
91694
1509
10507
2832
346528
8220
1615
3988
4697
10975
3687
921
3589
10630
1181
128434
391112
8309
9353
195814
276
84864
135892
55129
6809
8683
7385
11128
51495
540
23309
27304
64978
23743
23263
6188
200576
57545
7320
4097
4702
7555
54460
9958
2533
8794
150
9610
3358
23677
27232
79664
284161
64223
11105
4857
7276
55304
256356
58508
50940
10675
4351
375775
1676
122622
826
83444
4001
7247
85441
7068
8912
529
1877
26230
205
81029
7058
51493
84812
1729
55920
407032
10081
8659
338599
6470
1261
79720
2936
132789
51056
3159
2877
3454
667
25924
337
8877
10799
10000
7080
26160
4258
6427
80824
2273
22879
2658
131870
26009
3141
7366
26289
5959
23557
3440
56648
9310
26167
115557
121601
84727
55790
8870
10312
10383
7162
10163
406890
79717
51289
3364
6867
1053
6421
94005
27342
2742
5408
23657
6158
56136
656
6608
2737
8720
23417
22921
51083
325
7088
84144
97
118460
7326
9776
54857
79723
399
6510
9810
3417
4725
908
10490
9873
1827
1184
23168
5899
3906
79602
92105
1573
3189
140691
2130
1810
1232
10542
6208
3798
306
9570
7390
10471
7478
21
3032
1600
9935
3695
256892
5077
4953
83878
7096
57506
4957
9632
112483
79969
6093
406903
10672
3562
7043
814
9532
25836
55870
57572
5364
9444
8884
51122
22802
442904
51665
3539
10026
9956
51734
1109
5774
407029
2556
4633
2182
8402
721
10484
10803
389396
3394
55775
9337
4296
5010
2804
51258
6191
10559
25874
57126
10067
10489
7450
8379
1524
199746
961
26088
6647
10236
3434
6945
5793
1890
54033
55107
2550
441531
196527
5091
9354
57555
10767
27101
59352
51204
3201
55168
80326
131873
347734
51340
9910
5502
9331
8911
2887
637
3563
80233
3605
65005
4862
8204
2023
10257
4293
7296
4173
11274
54
149371
55902
1373
489
26234
2169
123745
7136
84364
6504
270
3376
93663
7181
2736
122416
8972
144245
55740
171023
320
5196
925
1796
7434
127069
4849
1795
100132463
399687
25906
253558
4281
2662
221656
29954
7126
6535
7319
4291
83658
6184
56154
406884
81930
54620
6538
1894
554235
84002
3615
2150
527
89832
5537
112398
8875
22938
2811
23774
239
2664
8089
4070
58480
4905
79971
7003
22827
4548
3146
29844
54913
4741
25902
4938
22885
140679
51384
1443
79871
3419
219981
23529
10750
606495
4137
8318
1540
57534
53371
4487
23729
279
81562
6554
1340
2002
347240
5457
57620
114609
55802
8277
57804
594
10521
7915
5557
10959
100506658
4105
50717
2780
663
55190
117178
222484
2762
116832
57492
10640
6175
1456
10622
1997
57634
23413
3801
8789
115727
63978
1293
1175
1123
64750
84649
80028
310
6201
11004
81472
7268
79290
84290
6176
27345
6271
3543
4653
6882
7044
55352
6599
406886
10459
115024
22937
11202
6634
389337
2563
51780
7832
51199
7490
9440
4054
1874
579
150159
115908
26999
23095
5649
1947
79094
50508
8189
23192
55175
84958
3295
649
634
7023
338382
5009
4329
118471
4988
9167
9063
3451
2266
143
1233
54894
22981
8618
85417
116285
362
56904
64403
284111
6715
364
22931
2329
6875
2689
7444
4986
26682
10246
51097
8412
513
9110
93973
27248
11154
8565
150737
80173
1282
132430
23130
139716
131
10213
29107
1794
10616
29028
2321
9802
4014
89872
391191
79960
2638
51699
6351
7469
290
55284
56147
23387
8773
6635
55627
6736
1082
871
10426
6228
5209
912
387082
391114
7092
28981
2954
10454
6897
79849
9629
57379
407
6583
5174
91749
899
27147
2596
4634
2581
6369
5837
586
7753
57560
9363
116379
2101
388531
10148
28986
10492
25930
54704
22876
54476
128
92292
53358
4852
6716
1104
10641
860
7494
55
10040
10133
55701
2297
7295
2743
7067
64748
7071
4771
3087
10802
22899
1852
403274
308
50855
2593
140739
4482
79447
448835
23563
23178
4004
7020
5250
8547
1991
11017
5494
7111
56895
6801
27127
7278
8439
8260
1841
23643
694
10010
6866
1984
4738
23246
9513
51363
6566
151056
27125
23405
10588
1366
26018
2356
800
6934
5340
388761
79443
4056
442117
501
23338
25801
84707
2657
51069
55037
50617
222
661
55178
55250
6355
6721
8733
1893
834
9066
1735
1198
8100
2992
287
2675
10299
1909
6627
192134
1311
765
140766
5092
390439
51318
8814
51684
84456
24146
3957
158
8706
23136
7004
952
9320
1902
225689
1952
27185
4759
4716
1736
23145
9928
8899
4841
5832
5350
26085
7472
493911
5050
341416
7471
7260
2944
55167
29925
57697
4621
8031
55014
710
5267
9568
51412
23287
6539
154796
5604
57599
51208
8801
8556
26227
57678
9459
28972
55777
1145
587
174
10001
8777
5256
54606
2159
102723532
3550
7443
54477
4921
3596
7025
51306
26575
56656
120227
139596
343169
6251
55160
55217
81168
6821
5271
23400
11113
4646
3386
83478
5824
5132
9536
5139
26286
7171
7324
10637
967
6529
2079
3284
421
7706
2243
5798
29920
27010
797
977
1329
8027
79660
54763
9046
6198
8705
2176
9754
254428
27347
85440
103
57733
10164
4245
8528
5796
471
84752
924
27343
79823
2538
23082
51142
283985
1911
9540
28815
8721
26100
1466
8445
27246
55243
6904
55349
638
4257
2568
1849
93611
4277
158506
9826
5145
2287
3108
7994
3574
152519
5208
2526
140687
7343
9140
6222
391195
128360
27148
10885
26003
51312
7421
1544
64792
4295
2108
83539
8675
9456
56952
1201
3777
5283
5036
6311
5146
54797
3607
9131
8702
6196
9520
56945
22808
5531
9814
51619
3915
219986
3651
4100
23399
5319
100130097
6257
284098
1152
7069
662
6507
168391
54972
5157
5214
578
7177
1646
5611
285362
7414
10006
4624
7332
191
80142
3612
9894
55012
9715
57530
55734
26285
84706
2823
2038
1635
8514
116984
6399
117245
11227
7371
2676
79799
23704
1734
406949
7057
7957
91582
54880
200132
1978
6546
79923
163183
5833
7988
51280
8029
2167
4522
2022
38
146664
4659
1397
284129
6540
55183
10455
9060
10858
738
9194
122830
3619
221937
250
90249
65125
80004
10728
56109
9737
6623
25865
1800
7187
8602
51367
862
10055
23524
5051
5245
4598
7317
3732
3305
7465
353131
23373
54386
3620
6833
9927
7453
9546
54961
5236
125476
8175
4140
9489
928
91584
8270
5150
7336
256126
5734
6478
79586
6631
51400
2896
6009
51060
79109
4439
55619
90411
9117
25950
56132
6637
9451
2820
23764
8722
10670
150372
7365
90019
55034
25834
23705
58526
1345
6650
10989
94101
64849
26146
1553
51444
3953
23113
50810
3856
831
6886
113802
3854
6359
23175
1612
5827
3433
55683
57715
9524
6561
10142
4223
196
26521
60412
388
4799
8497
51535
25802
8774
26095
8417
10220
7266
11066
25888
55173
5979
353141
6905
3768
26496
5414
8805
6183
253782
64581
4311
337876
215
2184
26015
406888
526
60673
5598
51332
257106
4603
752
26263
51134
23250
84464
8793
10956
9970
55366
253430
25800
8131
5834
6747
8704
26235
2358
10505
23479
10203
221472
9374
55599
247
4802
4850
378884
2693
49861
943
1375
54910
4199
168448
10966
9984
22836
4485
2880
8703
6764
7531
26119
3890
1428
10788
8407
390142
8745
8424
84441
1748
2495
90627
6580
2137
6874
27113
24
9709
10
8576
6375
7140
22930
7941
415
8087
1272
1951
1840
158067
2047
11343
51693
223117
55567
1777
8291
889
30001
4436
182
23601
414
4158
3111
7514
9924
4779
197257
554213
3101
189
9732
6199
54658
6530
406979
887
93650
79446
1031
27089
3490
2639
4597
2802
26277
3107
728343
22878
84867
27154
406923
57559
1609
169841
55252
5784
26268
390083
23162
23428
23049
57679
9547
4902
87178
10686
29767
51373
10555
51246
10841
11238
392255
83452
3992
64965
79088
284654
26
11161
23092
22952
6749
5007
5864
1006
57167
11186
112714
55811
30011
84678
26576
51622
3753
58498
80728
8776
4637
81857
10140
3200
1666
348654
9152
64137
200916
1967
1179
10025
9114
57706
2272
1606
128853
131118
5106
2642
50944
342574
3428
2821
1999
6700
574476
22984
3931
439
2595
7511
5272
29893
2487
29941
10567
1943
6422
9882
51729
5479
149461
4068
10807
2523
1476
78986
7280
4141
28513
23522
6949
4209
10656
6993
219469
79317
138474
525
80339
221357
5163
92421
3476
25879
7159
219431
54977
8195
4710
9770
246184
10422
7227
26292
2997
9994
153129
83594
4222
4848
256646
3963
5365
1845
359
523
6619
50650
55658
80055
873
113457
3074
26013
79594
10645
25920
54453
5768
55668
5558
55437
9782
25776
51582
56127
2909
100188893
3581
63931
6192
54363
57468
683
8869
51098
653509
9172
4626
4618
10105
2328
842
8681
7283
442903
79922
5635
83707
10827
1434
2864
92797
23318
5126
64432
29781
7041
8504
4600
390093
55808
2271
5118
5355
157506
10238
118424
124538
9253
1132
23032
7784
79600
340351
6948
80336
197131
407047
79587
1521
5634
125981
1965
91782
4168
64949
7480
113878
57610
9638
10993
3120
3373
599
7006
4205
4713
54626
63917
522
10627
10153
9635
255631
5264
51341
95
2036
9837
7335
163732
10154
79603
254910
10884
8382
5872
55102
51631
23410
84914
246721
285955
462
29766
3048
5896
3778
1982
133746
29071
10991
79035
56654
2045
23077
392636
3024
90990
25989
2202
91869
56548
7786
114787
3889
26020
6711
8971
1659
6515
11016
20
118812
10274
390036
4117
27032
3840
6048
4760
55471
64858
90673
669
10632
285231
341276
4113
54963
79027
11254
9690
7764
121512
55974
119765
1101
2527
3758
8813
27178
10691
4520
79589
162967
3351
100271849
91754
4211
137075
6016
10068
10890
7439
9748
10797
119679
54934
6846
6527
1584
7325
1633
55117
79958
2645
27329
84515
134637
57602
78990
102723849
6876
23647
610
4069
8863
376267
6015
976
1605
6476
5775
23423
7301
894
10926
9462
406916
575
1408
81617
3034
53349
2222
23127
23228
4318
1998
6748
7054
6586
2691
3882
57556
3119
4084
84296
8443
9056
410
54898
729
102724788
116986
10603
744
51560
8761
7448
345
5675
57050
83394
1054
51605
11317
3626
3784
1543
50801
80349
5898
60684
25822
6434
1743
28964
4775
55534
64409
4715
2921
56992
1361
51744
7005
6416
1176
5189
25942
10175
54935
57763
3712
6166
55844
23438
8856
51750
54876
30814
51021
84057
406887
728441
390148
407031
23258
9218
440854
138881
10539
27130
85465
1014
121391
63904
83874
9108
8601
8836
1564
266722
9867
14
7257
9696
911
3936
54732
8811
115584
145226
5496
2569
115111
10907
6489
23420
8425
5029
221823
10586
1032
728635
10992
54020
6997
55748
100137049
1760
6618
8399
3071
4489
80853
914
246213
27306
65010
79135
84787
3361
377630
720
9743
23265
6708
51639
407043
3552
441911
4504
2192
582
137362
6999
100131187
416
8462
10101
84648
5129
7018
64130
348932
26123
100861540
10776
221120
7857
51702
85358
26648
3176
1378
4343
374569
7363
11168
78989
50484
83729
55170
4677
51000
4077
406937
10605
6252
9227
122042
5318
427
9342
10017
7589
4720
406885
2239
1549
3115
51224
102724560
2591
7098
51510
5799
2548
5376
8689
10008
51668
7094
2114
25994
138429
11164
113612
10644
5292
6279
8790
54457
6794
91703
4726
6585
84930
55341
2815
10146
2330
5805
4185
53342
3897
272
1820
2339
2879
3221
6462
3175
9001
286183
25999
4010
5936
55081
25777
80736
81448
8405
10395
353514
1192
4153
3381
10462
57731
3572
55339
8658
57704
5818
79269
9454
1187
411
53947
63943
11196
4837
6400
3090
8467
5325
26034
23098
84324
9824
54539
11063
130399
3827
8880
23411
5929
1662
51071
100533105
5511
6890
23433
10332
6531
9706
83860
2042
4538
1317
1990
10210
2889
206358
5308
7001
57541
2845
8320
63982
406917
16
353143
3547
4082
3418
5082
6362
339
4913
9708
10960
338440
29888
1469
9488
89874
6692
23193
190
5238
353139
4313
309
10589
1823
9663
26985
2104
1316
6919
10842
100271927
79549
5523
85458
6419
80705
1809
1876
8994
9914
3117
54839
22854
26154
51283
5281
55422
100528030
79001
2627
57407
26084
64600
9249
113675
5089
10800
5778
4135
55646
5940
5892
4314
521
10295
2189
93034
10531
284058
3750
24140
7812
26532
1727
5164
353238
55501
51109
9252
30844
10021
374291
84062
7568
89781
10611
54819
54677
762
54958
29121
4145
79670
130367
22925
7871
160518
81490
9581
115827
22839
3001
84695
8464
11218
79441
6241
54840
60491
64077
23594
121278
92935
85291
1153
5190
401
115677
23216
11215
390928
80746
10787
138050
4509
10427
5244
2709
10765
3002
92305
3832
7846
10468
8287
26279
1016
6795
84455
4660
8036
5673
81578
407041
255043
9857
722
117289
7695
51100
1628
4711
27031
8239
91442
4709
29940
9412
6836
30812
94103
23197
1312
23304
10319
434
166379
9658
10723
55667
56897
2294
3800
10815
51170
29927
5822
23595
55577
10399
11085
4060
5218
54496
7791
19
56253
10730
55827
3987
5589
5125
199713
8315
392392
883
203859
8522
375189
10861
23152
55013
9742
53833
10602
2054
55337
1859
51727
4925
106821730
79760
5991
50700
221400
729020
51659
23500
8910
5442
57552
55630
347516
25937
283871
79751
26071
84253
6555
7728
4225
10613
3885
8851
112744
766
147183
5028
5741
10712
9134
100287932
51005
51655
56125
79176
10943
271
7991
1149
26519
2200
29102
2009
5927
56911
9229
8792
22798
6783
3126
3050
338662
221037
3420
204851
54928
80119
85480
55052
3983
4880
6668
9615
116519
8630
8570
30815
8605
4714
55626
3910
4920
389692
3891
8215
406953
84265
136371
8634
5922
4249
27289
7375
11214
152138
81629
401992
2799
7026
6847
9267
7803
51574
4922
10994
2626
10127
6461
6103
1012
220
84135
286826
7372
9580
706
7851
4016
373856
1746
55582
56925
64900
2037
1417
285190
9652
23013
5261
3182
407030
10717
55289
9378
4783
10016
55614
133686
6750
126410
171425
9391
10063
7019
79228
3853
3730
1745
160728
50615
25843
9443
105369274
23126
8743
9955
338707
407026
8859
123876
10076
9411
8509
4124
2978
23239
9241
1510
9909
4050
1643
442910
94134
9841
5087
57505
51207
664
4599
4253
668
4547
55611
7249
6642
140885
1791
5339
54507
27090
81061
10245
5203
390323
53905
3202
10786
55234
81537
4239
9181
1260
9551
90196
64400
51447
1195
268
1678
9124
2302
25929
2134
6550
1131
9919
11315
3205
138199
8829
10683
2314
10113
9681
11261
23644
10808
81631
7021
117
4115
9265
6710
1369
23418
6283
10159
4170
54187
5495
5916
57526
57721
2956
2934
79047
64167
2162
55813
10219
5316
80331
1769
56267
3157
115201
134353
9950
51107
4356
3081
9217
9398
2215
29895
151246
230
2529
124540
9283
9555
719
55786
23204
24137
7866
54971
3291
222545
6553
57584
1244
55788
64840
3622
51466
3998
8876
138799
83401
6319
154881
80279
8674
55512
4267
7775
3670
219960
2001
5670
8028
22974
51014
6895
26686
3382
28957
5420
79944
9849
22955
5624
112817
55355
5646
5877
11131
8748
9240
55735
54738
5052
9344
5311
221458
91978
282679
120776
2739
55711
57669
10161
285220
406948
253017
11031
81034
3127
51660
5917
219743
50846
25862
257218
9260
6576
54583
54908
124602
845
83852
7727
284217
9453
55048
406895
7518
4666
1733
29108
338557
79666
58497
92170
29986
3196
6403
975
55650
6873
1471
57181
2731
3899
23566
85414
6760
5194
7586
7458
10844
9097
10214
9739
79674
26993
64422
51399
442902
1010
5912
55644
717
951
23085
146225
241
7148
3776
57007
9562
23398
7353
9466
3206
9942
221960
11270
6731
10009
55997
51144
56912
51
391190
90134
26525
5900
50616
932
5986
80319
57670
54407
55212
51816
6097
3238
54878
5128
7477
25851
57717
10509
23310
55256
51388
84152
4327
11221
23035
60495
55605
348235
51111
10556
1515
192111
57494
3927
6281
389434
54600
9525
60481
1983
9467
100506012
4159
2931
31
3996
55149
597
11001
93426
9180
4360
3884
51604
3399
8536
3920
79796
55328
6509
4693
51451
3984
117248
4654
10758
9821
7101
3216
2567
392390
407045
9747
28664
9682
127062
10226
6448
10634
390152
11277
51573
51366
26061
5613
7093
51146
23037
57412
29984
5648
3231
56852
9231
25870
3298
5054
24145
1896
85015
10020
4758
6845
388552
51428
146057
5327
6041
3234
6649
284716
5902
2719
10272
114791
23352
10940
9111
10317
81620
55863
23229
886
23556
4627
283
25939
53917
5122
84266
7169
132660
1728
55040
80817
117283
51593
8608
203190
1007
5733
26128
23102
3759
6296
23553
7360
2846
64151
57630
140465
83475
8707
54960
5552
10116
4967
23171
84570
55738
100506742
6404
51255
5224
8409
112268384
813
10516
6645
2843
6004
221178
219865
11126
665
22924
57578
79728
8906
9313
1160
51042
84986
1621
390433
390892
4247
390066
100529063
103910
51441
150290
157570
9455
51131
57097
58510
9527
84313
7780
9559
6815
3212
54776
9718
3590
4316
4152
4762
51741
26266
51284
1829
9518
10868
2058
89910
59348
25988
84643
51266
689
119504
283110
1039
3640
11182
84451
23542
64096
26994
29777
3792
3818
51019
5341
23526
8237
5322
4312
5127
350
56953
348980
7089
3662
81099
53343
9071
91614
54700
30833
93474
406905
1446
55196
84448
5310
391013
79843
2029
5569
3744
83448
112495
65266
6280
7172
2188
10381
85293
23543
473
317749
56160
965
50999
22934
4689
11163
389015
4704
317649
170850
116150
8934
395
57405
92235
4150
92291
54996
64800
26259
374462
373863
5645
79815
22809
5743
6588
112858
1044
5547
51194
25820
158584
6120
8646
283365
50487
204962
339390
27284
9953
390174
407025
430
91750
90025
406902
1188
79058
138803
154810
3036
23353
4756
23621
56963
3430
767
27429
84838
9135
8508
9655
9774
283927
56171
151742
1180
9843
29969
7481
5253
2219
7066
3484
3849
80821
57172
137970
8879
57719
58985
84303
158833
51555
27087
9768
30000
10483
9340
9626
2312
53616
143872
8549
5828
81894
114793
3275
26057
5797
1767
7408
9329
6744
391192
4543
10900
10905
84904
93010
55907
5671
29935
390326
80308
10969
9023
1801
57474
9976
2764
7216
4983
7077
643834
51421
7110
7299
9154
9881
4355
8788
1164
84258
54206
23555
3229
629
64127
29997
6677
79887
55968
23350
5175
92912
84693
10269
6633
6526
9425
5284
85378
54536
26053
122553
1675
59350
5161
4919
1327
4102
84461
2051
5407
55885
9379
55138
6358
11122
23443
79570
9328
285193
64770
11046
3683
81797
4636
406985
23558
1047
84892
79644
126638
1337
5980
28514
8476
9986
390916
8540
3043
84174
9244
59307
26577
6094
255919
259173
11284
27063
2303
3614
4722
54014
55163
1414
9962
10402
11104
5020
51024
55331
6344
25917
51439
9480
9741
547
129807
200186
57799
128414
25828
5480
2044
9088
79090
3073
4146
9027
2938
84433
10307
11338
4940
10526
406950
4798
391196
10432
51067
5972
22863
9535
4325
27445
758
51268
10391
3145
57111
6738
79412
55862
8795
55466
57761
51654
84875
5996
1582
1262
3161
80344
51364
406894
23435
55816
5509
7709
5047
4595
64785
2635
57171
5724
6560
1033
81050
1155
3340
390265
1015
5865
3787
10179
432
84220
407007
2631
51650
8798
116444
56342
89801
4179
10529
3363
23415
58477
23099
11130
23528
8831
7932
120065
10024
79816
128272
84271
338751
113220
22874
100526739
79444
5949
4795
9992
7844
429
92335
443
686
55624
258010
5909
3385
5320
910
2155
57048
10051
9684
91147
6935
11336
9499
7076
6753
157310
84033
55201
343563
3811
2103
55023
5454
5279
79673
4335
5162
25818
56140
442184
2592
4242
9507
29
54585
8390
1002
4898
56920
9058
79363
3700
286410
401409
84248
9051
10615
4294
4224
57185
64968
3604
57596
55558
6861
9448
4155
9922
9100
9055
9832
3756
4237
4750
10955
1677
2206
10734
27042
339221
7405
81127
84836
128372
3624
64064
11033
91734
84274
7050
26476
50
116985
91653
390078
22880
28316
55801
83752
7461
284252
3848
23564
442900
8928
726
1105
4363
8862
624
286097
123606
92126
1716
3613
4232
50943
23604
2634
84444
5992
51129
6611
22870
7402
3397
90353
8284
22823
26094
56896
8741
10577
2878
26019
4488
27012
9415
864
286053
8997
11142
54207
7629
127281
219432
10642
2304
388333
55588
64969
2949
3816
112812
79861
57380
55157
23089
123920
27068
939
11226
26469
114548
353497
9908
51361
102157402
820
1119
79048
23480
144193
5134
343
2326
27333
26000
129685
5158
55643
3422
55810
84520
25979
6309
64850
55293
6666
339896
10128
406913
5243
6519
10954
5550
4974
4712
275
127074
1140
3249
56261
29780
403239
3737
54433
9868
144715
3487
165918
1749
7165
122876
406910
29966
114799
1267
64147
442891
10743
253260
10043
8566
23148
127623
29995
50619
100996746
5329
26056
54716
56100
57453
9779
151987
25960
9519
57549
23770
283092
343173
387338
23111
3781
80777
63826
56923
262
2653
254879
84937
1850
80086
10208
27097
1359
353134
4033
23172
142891
346
9064
6991
1427
4665
6653
3431
54814
2677
1828
64780
1891
151648
55856
55236
142684
1992
8820
200895
4808
55054
4864
3843
147409
50640
8636
23475
81318
8799
30008
84159
6402
285659
10747
6286
5977
152926
29078
10302
11112
8987
25824
55651
7384
123263
2560
401667
646409
57589
10643
132884
125988
10785
10874
11006
1854
4824
412
26530
3773
8392
54903
127550
6726
56891
9659
56893
5478
6496
89822
23101
92597
8293
642
9767
401427
9757
2218
6990
8888
4995
79607
23164
22877
406938
22881
83741
23495
23224
51479
7125
4007
5255
145258
9355
11170
27122
10687
6534
8419
23271
7805
10350
1528
8728
4671
7298
122786
8895
9103
222236
84197
30820
81858
7174
81458
155382
8882
201627
7507
2888
27123
8140
8807
7783
874
23431
51271
26511
901
6617
94039
1102
7306
22909
7263
54554
2632
5763
4739
10598
79568
51339
10410
57179
22873
51193
8824
3964
81502
390882
8575
353299
3033
5042
10857
684
3954
4052
3225
27133
6835
3623
84140
2043
54514
51227
51256
3833
10248
8975
9847
219479
732
63898
56616
23308
6389
3841
196483
107987545
7358
125061
3767
57690
54413
7770
23293
3344
85280
85004
79414
84337
112476
9807
9362
197370
4744
4661
27152
23071
5076
949
128366
51611
1447
8022
6299
253970
6584
2517
3300
339761
84916
6445
8985
10825
23534
219699
7916
6819
8637
80230
81890
5317
63971
3658
9572
8458
134526
84807
9601
4724
134083
11117
971
54434
6518
8760
51110
23376
29128
84639
1215
79738
10651
1236
10990
54979
23530
26059
7164
406912
2745
130589
3985
406951
5304
442191
10447
23394
93183
5641
10908
84557
2660
5737
84315
6638
64757
2876
55216
1113
8943
89853
57132
79696
3852
10769
134430
374986
37
402317
442590
79053
7163
4982
81551
8266
27071
4043
55506
3973
7381
403278
51160
9578
3151
931
10798
283742
2131
406933
132158
27292
9895
3959
51527
121364
30818
5554
7105
9589
4107
442179
3642
26959
9076
3040
51156
5955
54802
126969
54516
2119
220441
56832
340024
55176
2483
406911
219874
151
150379
3795
307
475
2532
1030
7272
3664
8715
8502
5612
79482
30837
8754
56605
28577
390197
8496
8604
54798
58189
4512
3916
64180
8786
79656
8775
122809
9404
9724
55291
9667
441670
4680
1901
55210
26517
2537
4990
10755
84539
5753
6830
22852
3290
8892
10549
23607
3888
5746
83733
64762
2204
3171
10775
55629
63908
3292
4731
10494
4943
11135
84079
754
2277
9476
51616
5270
23383
26152
81392
394
402135
9898
3094
23195
23129
25837
3934
199699
57456
1723
341152
117581
1903
79833
57128
55715
79694
55669
7869
644186
84365
201294
7265
390144
100302282
199834
91683
22917
4354
79744
339287
84105
23637
28682
2331
392309
55207
3263
29089
7114
7556
344
56063
8470
79709
11344
282770
23154
5443
65265
3005
4645
55829
9424
7087
1393
5450
94030
9982
583
2262
85363
104
2342
54456
1620
8638
10749
10019
9073
55006
1382
9091
387712
55211
390157
8621
114879
84276
129880
11000
8672
150274
2577
5362
84329
54881
1617
51179
23286
3316
64146
11152
4814
166785
5876
84148
56262
55502
84080
26090
78999
8808
3751
9723
1238
10456
9435
5813
91801
84623
989
4901
29928
5481
9755
9043
9765
9796
1349
10951
9463
27086
9915
10781
54739
9205
1803
94274
55226
57488
151531
3746
9584
5676
6725
27109
205564
51512
441273
6863
79034
3195
9721
4495
57657
2041
8091
321
4729
1406
283189
10458
26253
55911
770
3817
23190
3273
23474
64175
22943
83746
729759
139818
10085
65018
23461
406918
1465
10653
57834
196335
8853
114569
57019
7756
1362
5757
10794
6917
407055
54625
64926
55367
4625
79668
26007
256144
4358
23401
50511
9620
55670
9338
51081
5345
51377
83897
9545
10036
6493
8708
6014
255725
79646
8883
8942
608
1266
8735
5727
9670
200081
51293
7755
278
5672
81567
57161
390155
65268
6701
11194
645974
64081
283848
27044
144195
64782
26168
3149
9294
9516
3060
160428
126370
4676
64344
23429
6723
11339
81873
406971
23590
538
5874
55083
57121
9853
9509
6514
3097
26206
50506
7436
277
3738
102723996
474381
5178
6620
2619
10089
4440
51018
2267
6003
10195
144233
91107
10363
407024
51046
4057
2565
5303
5999
5498
51076
79726
5655
26251
4200
9352
23109
91833
112399
7352
163050
5273
25956
23409
1071
56204
10054
51225
2646
3489
962
9787
27175
9482
10039
4838
10228
6239
85377
339487
4345
23108
84056
5046
2245
26735
221955
54885
7166
79017
3770
9693
9798
390648
338755
55679
64853
114882
1638
56997
219436
58500
57498
9863
80149
504189
9022
4528
6000
143496
51715
374403
113235
10211
387748
2999
6780
84552
25959
220074
79705
6242
9609
22891
8174
3241
6406
407040
114785
5147
7571
3475
153642
79346
84447
51302
1826
128178
10897
128239
27233
25998
10333
166336
28970
8411
80199
10136
7597
1750
4985
55791
11320
54784
9191
89978
4669
133522
54758
5800
11193
4507
148022
9585
6121
64746
7016
6277
9937
644
6591
2583
221395
79571
2872
56159
126003
6877
55753
81889
10087
7554
10565
696
10626
286365
11228
55049
5110
9627
60626
7051
5654
12
84955
3805
10982
55312
10974
5623
57862
220164
1747
10899
7389
5372
7009
10847
10579
8732
10725
8846
23476
84617
79930
27294
50674
55350
3375
8988
7592
114883
1798
3104
54938
22983
8208
25941
1652
4359
9644
22821
285704
54923
9380
26147
79918
390195
3174
420
219437
135948
91746
23368
55135
2208
6295
10935
55509
26528
85397
2000
5216
6704
8563
4285
100507436
2171
1472
7182
4066
56954
10072
181
2980
346517
11044
8498
6734
2186
4968
8076
10002
3204
92259
131096
10349
150094
51028
7841
4184
26246
23363
2160
126375
1396
81605
79872
3804
79178
22882
4259
79892
56949
89884
54955
7290
9075
9332
55062
96459
3070
23498
4647
6317
81033
353376
23160
4321
2824
1591
100526760
3075
9189
7737
747
55663
7551
3037
91445
50964
11244
6318
9704
220032
5378
23242
219493
54946
84890
79642
3162
8038
3775
80704
79365
55737
57099
4154
6440
4148
54544
3423
8216
23513
1618
340980
81704
9736
6013
83637
2557
9587
80709
6447
158763
632
5954
27300
10247
1667
1797
57003
4651
9271
10178
7596
79501
10061
338674
26492
368
58529
5973
441608
30835
83706
85455
56940
9921
2158
5989
7975
57693
146433
735
55065
6926
5358
5510
6284
414328
11034
7582
51330
389090
9541
5947
4299
7286
23137
55227
10939
10440
9781
393046
121340
2564
10347
136991
83999
6002
5165
2584
1040
26333
8537
107075310
10435
3425
120
2794
343171
4515
51259
6046
10525
54892
3236
23603
79981
6275
5130
55532
23378
4519
80128
5013
10809
440574
171222
406904
9675
445329
357
137492
59338
161823
1464
56165
286887
390084
7070
51053
55553
2542
8590
117579
79470
79707
79102
3803
728294
64284
27095
51762
4018
219983
2922
83849
406881
8506
283209
7357
9514
63036
55536
4992
11329
57758
4437
29796
254783
4752
4481
80143
155054
54715
5409
140823
54870
10301
3752
9825
9202
10870
59286
4892
6683
340481
51231
29886
125058
7733
25825
115992
27173
55195
10801
10073
5897
5650
4062
79411
407016
8427
201562
29109
126541
79814
84268
9312
10452
84859
6768
4496
245711
64745
4118
9991
55124
29903
79296
60489
3491
9238
10251
27314
7378
214
22907
22858
51720
5004
4147
79137
347730
9361
57658
441308
56243
1504
1482
22829
729597
10666
79947
1585
391189
11236
29117
10487
6525
391109
968
79727
25970
135924
219952
641372
81696
4733
11151
1371
23416
223082
10188
22901
51647
10894
64927
23746
79867
10300
406906
10106
10938
348938
4931
23446
167691
10114
9400
403273
2644
58190
26505
7095
10915
60496
10260
219453
9925
56254
822
392376
10263
6782
2299
57863
84976
120892
219858
59272
5920
81469
1448
8936
81839
65110
60676
643414
26740
9450
11043
79901
10326
56252
57162
80201
1593
4514
10927
83987
3956
27131
10661
27076
57110
8233
1380
728689
55330
83939
79609
474
354
55007
11070
3779
57002
55809
27332
84612
10879
666
8045
9414
57188
10551
3993
415117
126070
4499
51008
6834
23268
6853
2834
23549
144165
6822
54504
8013
11041
29904
26219
5739
3083
7045
219855
49
8796
858
116840
2313
4924
6236
5055
6705
3067
25796
8048
403277
7795
64240
4076
51760
89849
10309
56731
166012
23063
51633
9502
55150
6693
197358
79792
22890
55320
6659
4121
27158
4580
10336
57223
2588
2039
9325
10190
51454
57644
23042
22906
5423
4338
10062
26045
2700
5697
56919
7466
7546
2004
7681
441669
406982
148789
54920
8996
23463
8914
9472
5090
81624
9650
29914
2296
157855
3248
4157
10168
348180
79648
170690
51177
8645
9788
347
8886
146760
92104
93659
10225
64761
286827
59269
9771
57546
51686
197259
51506
54862
23481
135946
51043
10512
23039
84675
1068
5540
28511
4891
8437
80895
23348
4189
80270
56929
23041
407006
84141
5814
135112
401663
57369
22841
1158
23026
55636
2705
22918
3821
1351
6901
113189
165631
6869
8483
9792
54793
9445
9603
26574
219873
51322
55778
166378
1824
7903
83899
401494
50485
3488
79734
23252
81848
7644
22797
22933
8631
55505
10367
3007
85407
2201
115004
79784
341
79442
6494
29104
1879
5307
441933
793
81030
94115
115286
9373
23112
65258
10599
7553
54478
284521
26338
80025
23022
80258
101
116461
81555
7145
79039
54505
29992
9406
56938
7566
23552
56098
5197
6391
7122
10893
121130
7433
10277
8460
417
10397
390261
55607
8929
120775
4099
100526773
8372
390264
1525
65267
137872
64145
390054
6010
120793
10538
26140
9943
347731
51265
29985
26750
56937
4682
9179
83447
23200
154075
51759
81031
54545
10123
127077
54458
283159
26240
9080
30009
282969
6707
57017
10566
79140
148254
23648
51277
3003
10473
3026
5626
1415
8633
102724594
54414
390429
23503
81693
112401
55969
8383
93432
4987
167838
81790
79633
7072
81888
79839
81849
1534
55602
54332
283358
81309
6100
10371
64110
56660
54993
90550
7411
6751
81341
80333
53637
7726
140738
54492
57095
406900
64399
343172
23072
102724428
8731
9348
9235
79345
84305
341799
10078
9886
57491
22898
120796
25946
90427
29960
3219
282775
10668
22871
7781
57018
3960
2852
91289
54994
29946
26659
6278
400966
23301
107181291
406928
1318
390
11108
9619
56478
8771
9356
23005
57502
81689
5184
401994
147687
8725
9132
55699
26531
64768
7748
10612
8933
27301
170589
51274
9044
163059
6818
9783
85007
22927
10138
390275
57600
10628
5030
127294
9878
64210
2994
84970
53834
7064
6652
9119
8718
390113
10486
3736
26037
79671
56983
22861
7104
5277
390190
3352
1939
1118
574467
733
3887
170482
29907
1264
2863
5957
55888
116448
4103
7056
163259
407051
23189
23623
5269
50488
1889
7106
11330
4956
7090
93100
54468
54900
4122
57142
7347
5172
339488
10131
3810
128368
25788
7574
148281
79036
84888
23583
1953
28999
10202
80221
390063
147923
574473
4302
391211
326625
1996
79295
54662
55066
9859
100526767
3131
3761
10981
4063
84277
80317
945
1837
26269
64718
1672
9145
22900
390191
118980
100505767
219464
23682
115273
84446
56901
27189
8834
84432
2797
10906
5680
653166
3902
254786
285381
26039
2040
54551
3790
81285
3638
51550
27143
91647
6495
10695
10916
9158
92359
126119
23633
391194
7580
406981
10654
51776
4939
285175
55527
51307
6238
115426
7386
1339
201595
390441
100049587
26548
10519
4317
93978
29964
27023
26150
84219
403244
27129
51001
9024
4166
84674
5309
9689
256281
26211
6689
127066
23598
115352
5740
7173
138805
80108
51554
8073
50863
7773
5276
54756
4951
81892
81793
390072
7508
57092
6891
63915
9699
406955
2168
9275
84870
2020
79473
4887
8828
51347
401138
93408
3226
100293534
138883
5064
4162
390061
1830
83734
219402
6439
50515
84309
8490
10572
619373
390538
114769
7259
283576
56005
631
78992
56163
57689
10859
113278
57096
4991
2077
23426
5504
399694
3400
26092
5858
91603
55055
3813
29929
26001
30819
8692
9230
150681
4047
3110
161882
3350
7139
54785
29843
89797
9842
10922
81697
5653
63892
11334
27242
29950
10848
1112
26257
10217
159989
4324
22893
2734
6641
29094
7142
58493
340348
2110
27111
51517
57169
84522
23567
9727
170685
401665
3008
8495
22843
55692
57153
3557
55165
81282
7873
2030
390436
79324
65109
441925
4745
327
406957
6341
84932
51773
23538
729238
121129
6887
5462
25764
4821
390437
51102
54780
55733
51548
139341
10117
576
144125
2849
11341
79691
90594
51252
170506
29881
50814
29982
219965
26737
5756
11027
406977
4071
29841
64283
55288
79733
7993
7432
146439
4594
23157
8711
3299
8030
6706
8538
51596
1758
64221
1265
54437
60675
219956
56006
2848
116442
219968
8991
8677
8935
53840
26207
4601
4336
11279
246330
26716
124044
4817
3047
10913
8416
57216
80222
147339
54882
54995
319
27350
22869
64332
51705
55145
5950
51311
23235
5068
442918
28971
7429
7351
57510
406984
442194
5346
80351
80124
26166
23630
28955
10766
23179
11019
80342
406988
23201
29959
26497
1961
4133
79989
987
80305
6289
4026
2847
26509
100528021
219477
6098
9778
8581
407008
10196
407015
51119
7012
10169
3142
390075
5939
169714
10738
51062
5373
26212
6273
504190
390082
25813
11253
116173
55229
79095
9623
9758
200958
5935
6998
51141
22980
10527
6799
9401
79173
2230
79618
10464
64801
79541
257313
23139
54708
8864
8455
5097
1353
6900
135941
55198
56475
5731
163486
29952
90665
27022
58484
283694
10732
260425
390181
55916
7920
23768
6282
7123
403282
9278
10522
54676
390442
23547
6769
81614
126014
391365
5627
10682
7746
5551
10124
84101
5619
4973
11024
8939
386653
10052
219447
29842
11185
4622
57336
401666
27255
23635
6018
406943
11183
25830
23659
9960
55906
10560
26683
79840
50862
51002
79155
6770
283111
10845
5445
26136
4668
84102
390038
79797
441272
284383
1241
124056
23769
51004
23061
122953
84445
10923
3227
79873
3892
79142
129521
4619
83884
219484
55894
51807
256148
1611
8642
407036
144124
56928
56479
10864
9683
125997
731
26038
286205
119687
10198
8505
4494
55704
390064
26245
1632
406908
26058
56999
2028
725
54726
11080
79091
147968
653489
406901
8926
403253
219982
8685
79596
390058
390327
219959
55253
440153
617
23499
9220
79025
4947
26533
347517
23559
80726
391107
57403
26189
440279
143282
405753
28960
374355
4430
5187
8389
152559
7545
25833
9563
8763
92737
7100
374879
23143
54734
390167
4807
1834
25844
9622
57292
9421
1381
504191
54829
94081
286075
3857
406956
80005
51222
401993
84254
9833
3809
54663
118738
3697
92609
7102
6442
51534
4835
389898
947
3077
10741
51805
55638
85365
8128
353091
8521
10287
4620
113451
54902
203447
91689
2123
144501
643418
64407
827
347169
25983
64065
55596
8858
4034
53916
55758
23408
22889
10777
1412
54499
6297
57178
390067
10166
58533
143503
54102
201163
23132
3485
10011
390445
120787
83740
54851
163081
11021
7716
56129
4037
23360
93649
390432
10457
407049
8891
3354
11096
23199
390077
28512
51608
22977
9988
55893
5616
27072
84619
8893
387787
148867
442185
56998
3239
57045
6787
266740
374654
646
280
6758
339745
8447
6401
51735
130916
8904
54795
26471
9486
54737
29124
197258
11346
6665
79339
282763
51700
8187
55092
26539
6443
9087
5657
566
54893
84975
55486
10699
26073
30061
116085
4617
7356
2831
60528
7062
64784
5239
26341
81466
10204
57533
64236
80341
114112
10585
5891
1070
7201
1360
286362
219875
252969
112937
4234
64377
28589
26135
343406
3783
127059
1350
86614
5017
254013
2925
419
27159
124599
9744
390162
7813
10581
9079
7565
201475
54965
406996
57698
3755
92715
55720
29090
26578
85437
168544
23492
390883
81847
27190
26595
2109
29057
57134
311
1046
25934
7552
1670
117157
26692
23762
84620
79334
671
3669
4255
25778
9719
138882
8192
84245
1960
55039
326624
3346
51136
51471
57497
54432
54890
81570
4108
56113
10288
594857
50809
119774
7766
440533
11276
196374
23141
5015
5514
55500
55132
6813
30827
23759
51350
219482
79581
54438
3208
9221
390168
54922
51150
219954
144100
91010
399818
2191
221154
4250
210
143098
57732
390199
53354
51352
114134
29850
6433
81628
56659
10430
55240
347688
27247
219487
57484
9694
81603
3780
7293
346525
57486
102723555
9698
283297
23767
23207
9851
23011
60493
390321
252983
6953
79576
5031
9399
55622
120066
9333
84868
56935
390154
9204
5274
2019
84294
687
55275
57348
169522
3426
9457
3720
84232
3823
286151
4326
51592
60343
7738
50859
406925
3749
29906
4130
11074
51634
119764
57523
154807
55671
121214
5100
57561
10999
9215
9728
26261
79711
10223
8388
79736
57826
407048
150084
51621
125919
9324
81532
125958
10308
8620
2018
10537
8519
5463
51545
26664
57213
60436
51167
2703
8263
64321
55954
119678
260434
10209
6703
7516
10330
51300
7620
10242
400709
64651
284459
55030
341418
8386
90952
6491
2012
51379
55823
171483
407010
407046
678
26529
401258
11231
403284
100310812
4582
3078
105
8778
55922
387332
80031
130075
55743
2637
119692
93664
57393
57663
26248
7350
4608
1087
11011
79877
56672
142910
3429
2519
81328
55164
51186
406952
55035
26188
574493
8369
51172
9891
4064
9569
27230
28234
81622
221143
6102
56995
391121
4993
23317
838
54765
123688
23560
100137047
84987
221078
6343
10460
120526
9464
81027
4863
119749
6746
5738
60592
7767
56052
6698
11077
28232
5366
6941
10022
10520
199857
54535
4811
220108
124454
11321
51566
65991
10620
219958
125963
64241
441932
57680
440193
407009
79912
127385
10385
256933
7447
57677
79661
23223
81442
55959
9168
84626
5652
27034
59082
341568
55676
5937
390431
2195
23051
9949
284532
26696
56898
83606
10979
219417
26122
5455
26278
27067
4542
3742
10929
406926
4640
122402
79745
9711
54622
58494
5222
89891
23266
219870
26493
7456
28951
169355
2055
84272
7798
84680
8153
91975
79966
3933
1106
5995
10650
255738
57496
51504
154064
10469
10229
440387
29085
8493
4976
11141
3061
2116
5444
79020
64328
2622
923
2835
338675
80223
51282
60370
10591
7692
81607
5570
9436
6910
7517
4761
51663
1470
1687
6943
2649
80059
57418
219438
80227
57448
51537
57215
4009
3903
23414
2706
7078
442186
24149
55702
7252
670
26747
4210
64848
118672
58525
5275
574484
283160
3764
43847
65078
91137
4045
23254
80835
1420
10493
946
84851
3788
128209
5081
6019
7275
161582
3748
119682
7464
57621
406995
6954
261729
171017
30851
57409
23214
100132285
440138
25974
116969
11177
2798
342372
442890
4161
112802
83700
23025
347168
4674
23090
9139
25973
5875
8736
7584
83538
55867
51474
23065
23392
9526
55133
54901
143689
26687
8623
442361
374454
5032
644076
10044
221914
347468
84069
138804
54956
6817
26339
406915
122748
55357
51133
5458
53918
9053
29890
4818
10793
29789
115752
2701
338339
133396
3270
7349
55316
7980
79768
64225
8842
79863
57470
26973
9501
6793
11075
79005
64083
26297
27166
84260
10158
83541
26017
55655
7542
84466
196500
84063
4815
441639
10608
23471
23012
56956
8438
8459
318
80328
7763
171482
406922
4969
64062
4320
147746
8908
55850
10810
23527
6656
26494
6051
390201
91662
3747
7802
403257
58517
26658
84164
26093
55898
79465
79038
9640
219429
162998
54915
6541
574455
127068
23395
55011
3898
9197
729857
25925
26502
54210
57568
259197
8740
8930
23040
124872
7504
123
10180
406992
9931
162655
55159
81853
4948
55027
83844
5453
225
7549
89870
51184
55041
4238
100133941
55616
10865
51374
3347
9975
55620
56157
22941
347148
8479
23017
23328
10066
11278
55285
55908
81671
4681
27132
63970
89885
390037
79767
55024
676
10412
51329
81037
8019
25940
55086
9169
7073
140807
84527
7035
1473
200933
51569
128240
2232
10773
4112
79583
83871
1804
55224
23589
3508
23076
140628
9447
92610
64220
9784
84292
6894
5948
80318
93166
55100
10278
79672
414325
152006
84905
55698
60598
79165
25803
8387
8404
5083
3039
406976
23369
7425
23324
153527
51068
8050
152992
51241
26260
347733
57038
10878
23270
54532
119694
7155
170692
84959
4975
11199
114771
3782
26051
197320
54766
133121
58524
79087
122742
7053
5539
319101
51026
9200
55068
11054
23406
343170
54101
1404
147872
392138
60681
51015
81035
59339
9839
26689
64398
9293
81470
57562
7982
55022
92399
10625
6579
26751
390059
2117
79168
8784
6865
80125
81619
116228
134728
339403
79567
338917
84067
81399
10335
6392
8110
64577
406980
1209
10911
406892
5179
9806
55661
23367
7200
284266
56906
90864
11095
25814
79706
127064
54602
6007
55603
390081
10443
79132
10673
9923
55179
147686
30836
10961
84992
56139
2862
4081
26047
55900
57148
54834
138802
200894
51151
10409
9677
3218
388743
54552
55432
11026
114822
10137
79230
143686
11078
1954
439996
9726
56413
29958
28985
10544
55859
53347
2926
55116
143502
84224
94015
57597
10871
2021
338785
8941
7036
79637
282991
84106
55204
152185
312
9750
406907
64430
120586
64805
80834
9465
4826
51108
64714
265
56130
23209
10232
53340
23339
4828
10268
494551
51203
342510
23616
80758
55038
4978
55759
963
3177
23640
79946
22807
10631
54345
91851
91875
55540
9625
254973
9875
80110
23609
22913
26960
9858
81928
258
26580
23158
406954
51206
23344
55633
390649
643847
9899
51052
9973
115939
80256
107080638
80329
51440
23181
574457
150572
10057
51438
51319
57465
123722
51661
133383
283093
51513
10083
55274
25819
10481
84524
22837
10160
43849
7741
7342
79731
285521
8603
56158
9390
6792
2981
57176
51542
10102
574461
9277
6702
55634
55161
406959
4053
26156
10962
51657
199
9019
24138
9248
102725035
57180
9376
166824
23029
7837
10329
9588
51075
65986
55200
54344
10280
9522
11120
10352
9270
51087
55075
406947
79042
80727
158078
119695
57136
23038
1775
8448
5098
51499
51247
120379
10461
116841
9086
574411
85376
27065
57622
1527
10098
124739
26280
80700
51678
1200
4935
9947
27433
7008
83937
137209
2165
1474
79899
8434
9213
10659
57107
10973
54949
9805
22822
128869
1880
133418
84319
55423
64319
7701
79719
131669
65243
9510
5475
25876
11092
8444
2016
135458
55128
3812
135250
192668
11119
57037
56122
30845
26608
6581
4521
440068
11328
55421
9993
1671
93233
116362
50514
406909
10744
79364
50837
8578
23133
25886
57829
64061
84133
259217
7771
22849
64710
114792
130540
100532731
158135
171177
5173
57876
254173
84168
27198
285601
140890
389058
58487
81533
283464
23053
23554
79875
220965
83892
9752
84634
53405
376497
127933
137902
80823
118429
284004
90861
727897
4583
84687
200879
23315
56926
51371
80335
114814
373509
10267
29802
124535
84128
55621
89941
10888
23219
8739
56123
60492
440738
728239
152503
8391
10266
63922
10045
259285
4586
646480
9419
285335
388677
23221
84951
611
10231
3512
388753
394263
11260
27348
11250
79990
9288
56910
64773
22883
143384
386675
93380
90850
10479
51195
221504
221391
81572
90121
64793
25852
9038
285195
84186
11255
93145
253980
9877
58472
4585
118924
259294
143662
388403
11248
79026
65217
54509
388324
388536
402569
50834
100532726
94122
84669
6759
10418
27240
56142
26520
170954
64776
65988
56667
57326
55690
148932
200734
10771
57532
22824
66002
81844
79684
50838
4958
56108
114770
353355
5726
150678
55917
27079
2172
221184
63928
9429
84823
220004
219988
196403
83756
92344
25809
56145
79657
22989
64112
94233
145946
5456
259291
80232
7348
338442
25890
6755
9934
64783
401973
3062
57624
26184
56931
116729
64787
10082
84679
140453
64318
29103
441294
143187
149428
6892
256297
64795
7441
84896
56670
353164
114034
80212
118430
151647
84283
81228
84310
134492
386681
57817
9538
57617
219287
202559
56146
140564
29855
58473
203259
80303
728373
23259
1178
10536
64393
128674
92345
117159
84203
165324
390053
55664
7310
54810
56916
55249
135228
51182
729330
2841
64897
164832
414301
29933
4588
11311
169026
63948
55214
10957
285527
390894
93621
84280
146691
27250
286499
80131
90737
55723
6913
4829
50836
64881
284656
386676
26298
378108
148741
10887
23596
114823
9321
28984
4584
340359
54943
56128
392188
100287404
54762
11022
51058
122961
390134
113791
22865
100131439
100288797
22795
10071
440503
85865
57084
6006
493829
92140
65061
51027
140469
64943
84060
7032
115207
51571
56138
9209
26827
51716
50831
63925
140690
91369
23753
4025
84795
27199
55930
79973
80179
53829
165140
283463
25861
284076
83983
171558
2837
23230
644815
54931
79649
50833
127703
100287441
8302
4883
129868
10578
51530
83992
56899
127617
200539
91355
653121
440023
56105
26022
83592
79009
200931
404220
50840
259290
2838
55971
8843
64478
50835
10215
283237
151112
387129
79739
337974
26256
7038
114803
51185
10321
642273
644150
155061
431707
4550
84457
130507
51538
26025
28965
9375
115509
259287
54429
64431
80818
54463
63979
3355
114928
729873
257364
440307
8111
92799
388633
84560
84988
23313
55031
27334
259293
57575
55297
3268
342132
51168
51270
53904
338398
11123
81609
10614
9052
5956
345456
11107
56134
22887
342371
91526
53335
10224
196549
256987
84269
10406
55576
57786
132864
147179
283337
56977
56341
80304
11314
6754
56124
29915
286451
9607
3274
51162
259292
57664
10950
151254
84458
56106
158983
81794
65944
51090
83551
124245
55144
5549
283989
130502
548596
55074
347918
152137
202051
27030
100287364
23094
286262
283518
285180
4820
84525
81406
81248
121549
284001
9166
84665
157807
9590
222255
80831
63874
54221
26115
56126
26151
23592
10290
27244
283349
6590
7576
163882
84109
84717
51106
51460
22895
124925
51070
100528032
9889
64838
80155
728358
23424
64856
51294
81875
414157
387923
57062
221692
253461
171392
83461
23170
53635
161247
64506
171024
59340
81855
83259
84966
5744
29896
151306
113177
84893
5367
57822
57673
60468
81169
138046
150275
55884
83985
81431
80864
169792
4493
126133
55604
85415
50486
5199
2828
285855
55608
9695
10658
541468
442197
100129669
339965
58155
135295
79092
26953
26495
9407
84817
57695
54540
6916
55379
9211
23093
23515
81542
284114
84690
1668
8558
6005
146849
124790
196472
399473
10600
140545
55709
84273
84942
83759
222696
8800
80218
10389
29998
161742
84074
390266
84816
51276
84666
85451
728379
55713
22850
54469
80755
84542
389207
89876
1159
79174
54843
10942
83858
391059
375341
100913187
202333
11245
4648
163033
286436
127733
84765
80731
10791
150483
344148
10444
440093
9567
79180
94086
497661
8482
2217
4501
50839
401447
27037
51086
285672
79085
200185
57010
5965
134864
220082
6814
148266
91894
55147
27295
6870
55795
338872
23741
8292
79987
4923
133015
339366
145282
120114
9437
81573
50865
115708
10316
80325
9948
122773
51078
6441
51390
84993
83930
246329
59344
170626
145508
51084
56114
8477
30816
125228
282974
55139
83590
128977
57447
56829
392197
79882
3698
140730
2995
51365
80207
100287478
10541
388650
64375
26273
339804
29070
57801
57337
2854
55258
167153
159195
84312
55586
219333
3808
155368
84467
58516
128061
11153
60312
165904
6856
401509
23176
283373
89845
729515
125150
283987
100132417
128821
55915
64100
119392
134860
3820
100288520
54442
163175
203054
51522
7633
440077
117286
123228
23288
83638
84747
23550
64839
80725
56133
92595
57547
92906
10692
84103
3311
83887
55973
6855
84632
90827
342184
6556
23620
4490
79848
84818
646486
64374
7626
135138
339448
84833
27181
163590
114794
283869
84262
6779
134829
9290
9595
55112
84709
81618
162333
83640
57606
120425
56905
56647
158787
53831
390756
92241
117166
11319
116092
8530
114932
79778
5360
55717
2853
10495
23541
56681
9287
114824
57396
28992
84221
54968
9409
55806
121457
7942
58491
92714
54531
23766
170463
83659
60401
23619
1690
388697
79647
79274
55901
25900
64919
84233
55854
157922
337879
27236
5395
259286
441150
253714
199221
57053
10467
79908
129446
80790
94121
64232
64847
81566
199745
54455
11010
80174
116154
94025
164592
27020
90326
6964
115825
347527
11251
63935
56666
116138
26503
390992
54538
9900
115123
284086
93487
259289
134265
29953
83879
10877
65108
256364
9068
83463
79635
169270
51061
84941
100528019
55152
9665
171484
54788
388695
286514
83743
9966
339324
23231
79096
222546
7694
135932
7752
147040
255022
55964
150472
339834
79921
1773
283459
79370
284695
6955
50945
137735
127428
55681
1116
4240
8288
163051
57592
147929
84189
57175
28954
90441
56257
643854
56955
5538
57146
155465
81552
130120
25878
55251
283600
22987
399669
26050
51475
81491
337867
6911
116988
2840
54937
387032
30811
283152
91893
26355
164714
56256
266812
80185
55561
23469
129080
727800
728393
79177
26472
23580
57563
319100
57455
11178
79979
55213
65983
51348
64759
78994
5790
23314
79755
79149
81550
29123
284443
115416
170961
64129
5368
85369
54888
58486
1421
53942
84775
283820
359845
2760
91608
81706
51458
130535
27151
84317
29106
64106
4241
23660
2652
126626
29965
112849
26353
202915
57515
23331
55796
199731
57661
23264
27145
127262
55848
114798
79710
254122
149473
55794
389840
2173
130271
9654
55351
51333
23551
401265
80324
2014
54799
11273
27254
84328
57684
643394
163223
55269
285753
201292
445582
80851
150864
85013
348807
84722
51257
81315
55757
51155
114898
64924
57060
79949
56683
79856
29775
55299
9242
10239
153643
392399
116337
81193
29923
51157
51334
129831
79898
79884
6975
57722
337972
4201
79073
57127
64753
259296
57209
23237
970
79083
9987
128486
164127
6036
79004
158399
55324
153222
116987
23593
79171
348801
342897
109580095
9118
79585
201633
149069
66000
80235
390073
115653
22853
91977
2850
27134
158234
78987
9077
83543
221496
2694
388567
66037
11187
25980
85445
8507
51599
79803
25758
220963
63910
79056
22868
23276
64397
140612
93986
84191
266727
55665
81610
54431
118425
6017
729920
57666
81669
27033
85477
89795
114026
28969
57662
7049
51575
80332
125965
134957
81545
100287205
151613
284992
138065
25827
30848
147719
134147
79002
57823
11179
10107
55082
84667
7699
64777
170261
85409
127795
121599
57091
100462977
90338
342945
136319
221302
339512
100287178
90525
23034
55228
56104
7288
149998
6832
80216
50832
137886
58158
23262
26225
50626
168620
9710
84181
23116
60314
65979
7594
25763
54869
139212
84654
167826
11061
64097
54887
56300
81558
11076
23613
220213
7361
23086
166968
54587
121268
51285
7561
374383
64852
131566
728369
56850
10172
115948
55103
84705
386678
57650
93185
84883
57570
284403
79864
284309
7033
147694
51327
57827
10886
256309
342926
80714
170959
29934
284451
83862
79858
10761
79690
57716
389123
23247
9761
9182
4256
115572
57338
10677
11093
56301
121506
145376
404093
283120
57718
23760
26064
440026
261726
51250
653464
123283
221409
124857
89970
148103
84915
79148
84066
10328
10042
403314
255877
25841
284391
26276
57665
11219
11155
27202
80712
90060
60685
81792
55071
26301
91646
64092
84832
55975
84725
23617
27107
55552
9679
79759
123016
114327
79836
730087
55111
284307
118813
112939
84230
284312
196441
55769
26148
154865
84641
56984
84206
84134
83480
84281
54039
80021
431704
415116
126272
27179
728405
139728
390243
145483
54680
79612
55347
51244
126074
3950
8511
51747
23272
55096
124220
64216
344558
84726
84572
6909
57464
51163
9772
5324
55837
11272
375337
85509
57615
64699
55266
151871
285761
84629
159163
29889
8857
7007
51299
219348
26254
114784
81494
23125
123264
58505
79925
79991
85359
126298
80063
63977
57727
29066
85461
163255
8852
201161
23253
55752
51547
80007
84440
221981
139065
79629
199720
29068
164395
131450
55785
23371
203260
619189
348303
89927
8744
84640
11230
57626
51298
285676
92400
54905
10420
9326
151903
144717
116496
346288
64582
84081
63951
85444
219285
84656
55871
158798
57149
116071
55705
60313
55858
90007
84622
80070
2633
80017
90070
124460
445571
57333
26585
284297
55177
9712
92285
654790
200315
157638
266553
25932
57088
128876
25911
79801
26137
100653049
113655
84811
493856
137392
81554
54974
9037
79175
25771
387521
1355
126382
51022
284348
126868
219736
26054
5396
728411
81576
79089
24139
27177
51411
392617
55156
790969
57685
64866
79957
126295
285172
79968
401190
27336
80345
284904
283385
54987
84866
391104
11326
440087
389874
114781
253314
55793
348327
549
55095
83596
83716
114836
54867
653219
159686
170394
92129
51105
100287144
3046
3250
90416
221545
259295
83442
84301
57115
113115
88455
10417
7789
100289462
22950
55313
84547
23211
387597
221908
84307
153769
83786
8785
29994
23788
162427
149420
253769
64118
6414
80177
3235
63934
80323
114132
27245
283248
200316
259215
27120
57047
64794
124359
23060
84331
132851
57109
79886
84830
192683
11232
57182
64420
200030
203522
259266
167465
9392
128710
57616
126823
83942
114804
83591
126789
22915
116983
221662
51778
360226
552900
23787
57646
2352
100287226
339231
7113
11169
284194
79812
154661
27085
345611
55033
54933
253738
79188
85406
84651
168374
7355
9258
54495
84767
165055
92283
93436
9308
116225
90507
91179
57700
91056
116224
65095
8647
100128553
166979
1770
64093
51304
340719
54812
84449
89796
118427
56033
170960
57026
83850
57798
168417
65059
55353
170082
9933
51101
151887
30012
160419
171019
10100
79794
57594
23626
10590
55937
160140
553115
22903
25927
150383
25884
728386
54918
57645
83903
2350
89857
50802
63941
80262
57692
266743
6444
161003
91607
643314
55002
340706
80852
28958
55909
129025
9823
55105
282809
51031
8000
9050
221092
11180
84124
57509
83986
8544
23336
83787
23031
729348
199704
158405
23504
79915
388818
126669
127255
11174
79845
121274
84264
83636
3080
730394
91661
653240
164668
10428
55680
162963
10311
54906
341359
222894
81788
114880
55108
388389
266747
7757
359948
10360
55295
645836
143684
158800
80740
51435
56944
64005
90324
55199
84332
283489
83714
728419
100287327
7559
80311
55188
203228
284618
29951
83699
23036
58157
23588
64744
254170
7141
286256
337963
148223
116143
154313
6658
10216
80129
57540
55281
55365
340205
162681
83639
57402
57165
222663
90075
388569
4151
25792
83998
9478
8562
27352
85027
23196
51303
140432
54475
7743
56849
91748
23119
81786
152687
84298
80778
58160
79626
10129
100129543
64843
27141
23167
57524
147657
114897
10780
54816
120534
25987
63035
91544
54521
126393
10346
65977
23285
29087
84376
3077501
85300
140597
55222
1043
84808
140683
158471
57628
254187
4539
83607
116113
112724
124808
84163
26287
23078
58506
6274
387680
57190
63894
255520
51491
51669
90355
57147
84154
114818
23294
84129
55273
57820
79641
125170
8804
252884
89882
7918
150082
7710
201514
132014
201501
84530
64799
494470
79632
25953
8433
27036
85443
286133
79834
6838
151393
442038
84250
257194
8446
92675
26040
57639
51804
64114
84650
23255
23064
80127
100506164
84952
90693
149041
64599
55700
79983
84878
152273
84299
5681
55510
92689
100131827
91133
84984
9422
158055
146434
10147
23166
56241
257169
23212
83931
54681
159296
91419
222229
55861
7547
94241
146540
85481
162972
90113
79145
648791
129563
51442
94033
203286
157285
7711
8190
91966
374928
57214
107604627
285440
55340
126123
440603
55119
112936
100861412
119559
196383
112464
28978
146862
4664
148213
138151
254359
542767
392862
333926
283238
83595
287015
10548
619279
54853
196477
55203
51603
55153
10314
147007
79807
170689
27156
163786
51316
124801
64763
6407
199777
55333
11136
55591
728927
166793
9703
28990
55805
80095
56882
90333
130013
11237
81627
7690
55876
27296
29062
130026
2702
8653
65009
54557
63932
9749
84436
25996
152189
79413
200523
80315
54760
28982
81501
23484
6276
54959
23307
4246
23215
100289635
253143
91151
114902
729967
148268
80772
84908
80019
64855
57711
79724
257144
29058
79415
22834
203076
140290
222389
25821
80723
57696
115817
388407
65982
337880
160418
57466
162239
795
79842
252839
151230
56242
50805
221150
5553
83877
117854
404203
10716
375484
64111
55892
27287
56652
54856
56676
122060
162966
80263
400916
84418
79970
147837
53353
5816
84073
9143
64101
730291
407738
8120
55847
57565
166614
92979
144321
646627
55728
55684
51104
84700
389812
54861
55146
84924
196541
58538
55209
10103
283234
56547
146183
55631
54954
55659
54957
285971
114790
55657
55741
253635
124512
79022
6988
55020
374900
51310
1673
79098
54542
944
57608
54997
84947
254887
23066
125111
25766
79156
65989
23140
344787
56704
79024
146198
129531
27153
6492
8406
23008
55841
80034
170384
389677
80169
7700
160777
116369
7652
7130
653808
340390
85379
143888
219899
117156
1357
29015
54980
6942
200765
60529
28966
51218
163227
255743
123970
23347
222584
7768
133619
127002
85453
441518
124404
55504
84891
142940
27069
51228
339175
80829
55172
131578
64601
54517
51126
339210
7978
91404
55069
85479
113263
85395
63924
114991
55966
150368
143241
22828
441519
55530
80013
6694
10763
55154
55321
414899
153328
220869
493753
90799
84978
148170
29122
23138
10361
55319
60385
84911
65251
139628
147808
152586
347735
23241
165100
163071
284406
116449
283933
23358
387119
113835
26031
125336
65990
148066
153733
7287
137797
91252
148156
92822
51171
138428
338324
80032
130074
4685
22944
220002
151126
55187
92304
54969
11188
388566
64806
89790
100287513
11079
28989
51232
386684
10424
26586
64423
11217
11189
645402
57335
149483
64778
254251
132671
84919
163049
55223
26470
26002
79699
144402
55342
246269
56941
389421
22993
6674
414061
54828
399947
54826
339976
7697
54985
85364
84936
51337
158358
57158
84247
79798
55231
23234
129285
284359
9274
22884
222643
79818
55565
55346
56980
25957
56987
205147
90592
90226
10742
80830
10407
9637
83693
51409
80183
7369
138716
55286
79896
54800
158431
729359
117608
65250
7638
146754
26995
117583
374899
146722
339230
79368
400961
140707
283629
9452
203328
23091
51286
400745
151050
653404
22835
146223
79937
11173
158809
10904
26233
27283
23518
338596
285464
23403
219854
54827
79366
256051
124411
113828
126282
55325
55589
55359
100272147
158511
389799
55303
84874
317716
7762
56990
7570
645455
50804
343069
79663
10562
50512
100287238
90843
386618
5229
6947
120071
10930
92342
24147
7379
51287
91574
163087
80774
6992
391123
64207
80162
7627
755
64771
65981
80148
375449
81543
8436
9069
64518
171169
79689
79891
55363
9911
342667
9582
23548
160065
404636
286204
56311
22947
254295
57595
63905
285782
286077
90957
115265
11068
8572
23187
25975
81688
55003
23185
84926
24142
23483
374655
64499
26033
283150
7769
728400
10384
83417
54467
221016
51714
10221
6450
80023
57609
64844
158427
57529
64376
4825
55762
7258
8839
285141
55803
9989
79986
92703
284338
51427
10924
22846
6066
80178
9083
3965
64115
92002
55219
25962
146542
93974
11101
54929
93643
400720
7618
9865
219749
84287
127829
127396
220972
79874
340252
55632
25928
54546
51406
50861
57623
390874
23639
118472
7760
84240
219771
6564
5067
5357
221785
283461
25840
9885
84662
140710
79939
3338
404550
128229
56246
64091
55526
90362
157869
340075
11005
152485
147912
26974
29097
114571
219293
51059
23075
139231
151242
79789
114990
55714
283212
221927
100287898
9678
55572
203569
58475
347902
150771
285268
203547
728957
2707
54108
90637
165215
63897
57519
8927
220992
654346
83694
84985
7712
56961
222658
11333
140688
91120
403313
90233
151188
112840
317762
80762
115861
57480
353332
51385
56907
387775
136306
7761
57343
65056
64429
50652
388272
79068
285349
27074
8993
51490
9315
257240
284352
55765
134701
7621
11137
26024
55773
90485
169611
113277
56890
65244
2620
85450
127687
152330
79817
150209
119710
55716
3324
79802
643641
118426
374354
128646
259282
5078
9033
79932
150709
57708
7512
54809
26834
58986
55691
147372
25901
51124
30832
114908
94056
51528
54811
348487
254827
149628
134359
140850
51091
94120
91409
57143
54790
157773
405754
51635
285237
55833
201181
81569
54742
55329
353323
147948
83941
149840
6957
51335
5470
115098
7079
79850
54796
284697
83758
56673
146845
83692
4061
282890
79650
57093
7539
56265
283078
390927
25853
27249
26468
343035
203562
83851
54058
9797
55084
221935
8624
57130
85442
285596
80146
7940
84872
63929
136051
79853
441478
54836
84318
26149
22932
84196
64395
54872
134218
255403
346389
22911
51154
155435
56155
80309
151011
79862
9816
84285
254225
114131
161357
81856
139324
90639
84701
25799
80020
143879
116349
348174
130162
134510
9262
80018
54914
157680
57659
57489
9263
6490
57655
116039
84330
79763
100287171
349633
129138
55374
79640
23074
84954
100131539
54520
26049
11018
63946
84630
245806
10795
79780
92552
9907
353274
152789
130872
56886
56946
221833
9668
57701
114825
65117
130813
64359
92346
27443
26112
79072
140775
90987
126364
27351
90379
22986
22859
57649
54855
79786
80117
5354
6474
93134
126526
440519
9904
219790
55846
84302
57709
199920
114800
284418
164153
58499
113174
199692
7625
57460
84295
170691
10437
55544
54566
221044
401548
7234
78995
54989
64388
54976
65987
23177
100008589
84223
6035
144983
343472
124446
79977
55238
144348
148206
115196
285590
130557
84901
4072
90874
55857
7047
54982
51187
343521
80139
729944
375686
347862
153443
503542
81926
54768
79078
283643
64743
55244
11262
84279
93109
389856
79788
645142
56729
84935
442319
339500
57619
79729
51278
118611
9104
440515
51710
55731
168433
84923
65997
201725
123811
3699
83744
84918
126306
89848
79147
159090
79152
128637
153241
8995
133957
6578
126231
285267
56942
57479
57573
51006
55259
168451
23384
203245
349667
84913
388698
114885
54919
219844
1819
64747
124930
55262
79574
349075
56287
92949
6614
84256
340385
100131980
389114
388135
1411
84263
100533646
81493
100316904
222662
147741
25972
125950
92521
54921
84549
23671
201516
167127
5754
64756
9534
4900
10439
375133
387357
124944
79676
93550
55308
116372
284110
60386
58489
83445
151649
57536
245812
113452
28526
147949
120224
83900
1368
92293
7587
90187
58492
84898
55362
23507
85463
131076
140831
91464
23325
84304
4126
2210
359710
9649
4123
51309
90649
79698
121260
130940
90853
55118
441525
55106
4610
23355
57467
6690
84886
80022
115950
9592
65980
339559
285367
84766
64860
11129
441234
284370
79953
207063
55148
284439
7567
338661
130576
57586
84885
57648
79631
29970
9946
84631
65062
139170
56172
219578
339967
92999
90576
90557
79838
56888
84671
55831
132321
152404
153657
152756
79080
121256
6940
124912
283377
92181
386617
23627
55623
1821
338821
84167
23261
5967
80206
23335
121053
134553
388701
64788
654254
2907
55554
30062
11055
134549
54830
91392
285429
150221
126068
54439
54932
49855
11264
10099
7562
58530
157567
254065
374618
133688
157708
56751
90523
23151
283971
25923
353088
146059
64215
25943
25875
9830
83641
23174
91050
7675
94160
79634
6451
253639
55061
64755
80011
79712
255426
25981
80264
100129842
51430
10296
654483
7292
81606
22902
55186
84940
6860
84270
375593
55751
11133
399665
64412
285025
552889
161253
57593
317719
83719
55322
284040
170825
8938
55220
339327
130497
154043
6039
57724
147011
10233
123904
388561
284306
7673
221895
90381
26048
151295
127540
91283
125113
84320
11147
83446
79012
83855
148203
84465
84065
60672
10205
64434
23300
56851
51123
79982
54807
54471
285489
90317
10903
727764
65094
339318
3010
50632
100820829
7745
79943
147660
728655
26205
374393
