Alpha6Beta4Integrin	1616	2550	1195	3069	4978	195	1621	677	5979	1299	6459	1968	6634	4627	3858	5269	7456	5012	5088	6125	3013	1659	2745	1793	135	476	3306	213	950	1263	7622	461	1553	2915	117	2545	1505	6070	881	3053	400	498	983	307	67	753	0	1408	1927	1992	1125	1291	4129	1732	6328	2922	4923	975	891	1424	1543	698	868	166	4512	9293
AndrogenReceptor	1532	195	6249	1195	4921	3886	326	4222	611	9008	2935	959	1321	2762	2483	1054	3847	2566	951	18	1382	2320	3796	5980	680	427	379	4964	4730	3106	380	2109	7978	1621	2129	2766	750	8862	2082	2147	2957	2342	4209	1440	161	7513	35	2779	768	1586	1345	3368	174	5040	9763	560	4373	3571	2923	1981	4474	500	1015	7015	1069	3667	4734	20	3297	152	5354	8899	1858	1531	2165	2842	3520	708	5909	4485	1044	4780	5894	1860	5484	9431	1300	5463	4562	738	6056	4114	7485	2561	10377	1336	3139	5663	4486	4110	1793	7031	12331	1098	2354	7591	151	8058	6482	1367	4375	2960	7247	10910	3516	3534	2383	12511	4469	3599	1724	1842	5773	2541	6823	7041	28	706	5624	3945	10800	363	11710	166	5724	2965	2926	4125	1760	6588	8087	2341	12057	2137	711	7850	324	3503	10903	9522	5855	677	3262	887	257	475	279	8366	471	1520	0	3306	1936	10459
BCR	1195	4209	7729	161	4145	681	1565	2400	11664	1115	1438	3001	2304	135	603	275	857	2470	8194	1226	1401	485	218	1733	927	2188	460	555	816	8435	476	2233	331	2180	452	2886	490	3764	1109	5117	1584	684	536	228	1237	350	196	1664	4176	1096	2007	3262	6573	272	59	2522	1879	1793	0	6788	213	8154	467	2643	404	6758	1149	4332	2762	2483	7637	9812	11204	3713	1175	5184	8773	3306	2383	1382	5823	1166	4287	84	8677	7058	3167	294	5494	8827	4862	2797	1392	6626	9386	4181	263	4546	164	205	1248	2586	1927	751	9405	3616	1138	4204	3950	1851	107	306	326	1652	1330	5568	22	1069	2200	680	582	67	159	3755	933	2759	648	4875	737	8439	140	5985	3789
EGFR1	6093	2549	390	4029	272	927	1621	902	8095	476	9589	1793	0	213	8109	490	3167	832	467	4923	1617	1937	1179	2244	4651	1195	9945	4209	1838	582	1788	138	5037	1927	118	1357	5604	4439	78	1000	1142	2149	2580	4002	2606	235	6233	8620	7456	593	7466	2701	4921	584	5080	10679	956	5918	2417	4491	2467	6441	6057	1330	4017	72	6573	84	263	959	550	1872	254	2055	3306	166	9855	331	1392	4214	2304	3001	4968	2180	503	1281	4301	9748	475	3100	8240	1069	5655	3796	854	3892	22	722	294	2023	2886	4374	5984	1364	8655	2745	108	3371	1248	8922	5456	713	31	10388	1327	1822	1057	3037	954	1424	1162	3175	296	7100	1741	698	868	8912	878	7856	1182	15206	4886	165	4719	2965	3770	1500	3764	5568	1441	13544	9285	2755	205	2993	3656	983	307	67	753	1408	4375	751	6810	2202	6283	8658	2233	1594	1079	174	8366	2121	3288	784	7687	1981	3907	1379	363	2358	306	2438	4498	2961	1206	2096	1211	504	4453	1543	1640	2612	6153	6913	6399	3938	140	6063	3463	7146	11516	1050	706	444	4215	5141	1291	975	4080	708	5013	424	4904	4486	1549	6195	6805	2049	6138	2007	91	8498	933	857	13948	4128	5762	156	5220	4653	136	5344	1570	680	2553	1438	931	522	6616
FSH	624	2236	4921	5741	183	886	1878	4368	4129	713	3229	1911	1620	2802	991	2202	2149	2209	1741
Hedgehog	886	5318	8370	3908	1001	5319	3812	1353	2275	5931	3472	427	379	168	7611	10145	9154	3496	7275	9205	2939	6823	6040	5874	6328	5485	10949	7753	1273	2061	7389	713	10521	645	991	4303
ID	2858	706	404	5052	7740	5568	8402	9906	5141	6968	2082	3830	10441	6471	10984	6570	7750	3944	1747	5606	4635	2307	1760	5833	10247	12442	8739	4911	3028	2383	2271	372	1239
IL-7	1195	7729	161	272	1793	213	135	430	104	1822	1748	6030	857	2965	3770	1500	950	1263
IL1	1166	251	1138	1096	3037	1640	2096	1401	4287	2670	1179	2805	247	484	88	5494	6904	2865	1268	2697	731	2101	446	10496	37	2911	1793	0	4188	7454	2343	9800	9162	44	5736	6820	4453	5525	504	1927	1349	4777	6641
IL2	1195	1828	560	4848	485	9984	927	3001	2304	476	1793	0	213	2483	404	84	2514	4022	751	1927	3770	1500	2739	346	6968	135	490	2378	104	827	1288	1822	1748	1879	275	2886	1788	7376	4886	165	138	2965	59	950	1263	931	1057	5981	857	10599	263	2632	5568	22	326	1069	975	7803	1300	983	307	67	753	1408	504	5985	3789
IL3	1195	3069	680	1828	3272	485	4129	1284	218	1291	927	3001	2304	135	476	603	1793	0	2514	2278	1927	7058	213	3576	1407	5458	5380	1822	1057	275	2007	2886	7247	59	4923	1872	5494	107	1248	751	3833	490	3764	3288	67	3713	178	3770	1500	6626	1879	5918	1788	84	4698	1669	263	22	1424	4974	991	3306	4375	6092	2209	978	2443	165	166	2965
IL4	1195	59	3069	3272	927	1793	0	3536	365	3796	1020	3892	427	279	1783	1643	1406	9170	4938	347	3306	5984	1392	708	346	1407	950	1263	1822	751	1927	476	3713	213	490	2149	5941	1301	104	920	1748	1057	504	2886	8022	4886	165	3841	326	306	5568	84	1937	983	67	5985	2180	452	1179
IL5	3001	7058	3770	1500	2278	2797	603	70	3808	1822	1057	275	2007	1927	7247	59	4923	476	213	490	3288	1788	2815	9883	4062	4886	753	857
IL6	195	2842	2965	816	7015	927	1927	475	5557	2320	3892	1937	427	4730	279	2745	213	108	1407	205	568	1248	476	1793	0	751	490	3764	603	174	3288	560	3690	3213	1822	1057	275	868	165	138	6626	1069	6820	1401	3978	2274	84	263	4486	857	7454	1982	1543
IL9	476	950	1263	104	6559	2141	1748	1822	471	4759	1793	2965	138
KitReceptor	1616	5494	2403	4400	11378	1195	3069	1828	5456	7729	816	747	5147	272	6441	927	3001	476	1793	0	213	58	2304	2278	1407	569	603	3713	275	2180	1392	166	6626	1125	279	3883	1495	135	751	1927	5555	4886	490	254	3288	1788	430	1057	1748	561	717	7159	5932	983	2886	7429	6788	9011	8898	8022	4936	12676	12218	737	138	3770	1500	3764	84	5568	263	698	2007	140
Leptin	1195	1166	161	1138	1096	975	138	1802	2651	475	2965	2514	6230	1673	598	1171	1367	279	1179	2745	750	1057	4209	135	950	476	1927	213	1463	5963	1793	0	9738	1263	2441	2180	2308	166	165	1500	1748	4128	2443	5918	263	306	1570	2842	3111	868	5773	8883	3770	363
Notch	2021	8148	2244	2243	1195	1793	7527	4897	1633	4318	2518	4011	250	3055	1914	1415	2359	6600	5114	8282	279	3061	9568	2038	4592	726	6355	923	3185	798	2079	2017	2307	7489	4292	6357	3667	2061	5280	6751	3963	161	174	6073	1044	3830	9041	2136	1057	2965	3793	4485	6823	3907	6369	1879	0	3672	4555	4715	6337	6812	84	263	2968	8318	5528	1937	706	11894	3863	2705	7396
Prolactin	6787	1055	3770	3453	2846	927	135	476	1793	0	2222	2514	427	5174	3539	2797	166	6125	178	279	2745	1057	230	2823	2957	9738	751	983	307	753	1927	2886	213	4886	490	8835	950	1263	3553	7454	2471	1424	8605	1500	360	331	9655	4375	3764	467	4486	7	7782	6490	5985	1788	2443	165	6626	3888	4923	681	878	5918	8883	5244
RANKL	5246	247	2396	4287	272	7325	927	1793	0	5559	44	8923	1306	7532	10704	10039	2082	1842	751	275	452	2886	560	4474	500	1138	1096	59	4453	22	422	1401	3978	5736	2805	4430	5918	306	326	3883	3889	1069	5702	3394	398	9798	5051	166	1616	3537	6161	8824	4916	1433	368	2701	470
TCR	6093	5302	1616	681	1195	4875	4155	213	3764	5925	1424	2638	3400	2470	8194	4071	4638	1356	2233	272	3001	476	59	927	2304	135	2317	8154	4129	2158	4775	5704	1748	5399	3591	3770	1500	1245	4062	69	1839	1793	0	8918	8332	6890	1688	3693	770	331	2950	208	1742	1879	5184	2886	68	5493	503	4400	3892	7021	1166	4287	2514	680	427	11378	8677	379	11244	4862	8504	3140	2797	5494	107	5984	3713	6357	1281	6534	1964	3889	1746	1179	5489	5217	7554	10378	205	1069	1175	10569	8062	5555	1851	110	857	12208	10003	4511	751	1927	1013	10263	7376	4128	2180	490	4204	3167	2912	8714	1138	3907	9405	3306	4844	9011	2612	2759	2701	4923	275	1226	247	5918	84	3037	4430	306	4154	422	7058	6215	5990	6159	5040	1594	4375	11516	1549	4283	1392	4576	166	4144	160
TGF_beta_Receptor	635	4452	2122	1073	3434	4709	544	4408	2321	2373	775	3005	4036	1357	2718	886	13239	195	706	326	132	2858	4510	1050	1046	1438	2304	611	3453	923	798	2079	72	1496	2290	2542	959	4512	1143	257	1321	404	1149	4332	1459	2383	2483	2271	1802	3174	3847	5377	1768	427	279	500	1744	4005	2184	4360	2482	379	3672	983	3982	1401	4730	5573	2109	1233	3694	5511	932	5639	4578	372	185	2821	4694	4987	6135	2842	1273	5012	750	346	363	5351	5043	557	6993	4546	2993	205	1069	206	8381	8366	4209	1828	1838	8910	476	213	174	522	1627	604	7486	7553	4213	3907	5784	3553	825	164	3667	3002	2961	306	3978	2233	178	5736	247	2968	7146	22	1004	7291	6627	854	3036	4557	676	6311	2559	1999	695	10247	719	5792	3717	6511	582	3139	5663	1793	0	4641	6679	336	5806	2472	4704	1257	3603	1399	2936	3306	4375	3834	1842	5773	10082	8415	4303	490	9449	5606	4765	5528	3766	6402	445	2550	11167	8297	11762	6044	11407	14206	6978	3143	10269	2137	11884	9060	2735	1760	9140	1277	6374	7453	10906	1996	4794	2332	166	1715	5381	1296	86	2533
TNFalpha	321	1474	5001	1179	1195	2738	1166	279	624	2996	6161	2387	6573	3008	2948	1284	5457	3272	9661	2659	1937	2619	2215	4718	2532	887	8713	5061	1096	1182	4351	3537	1433	9008	1138	3453	923	2823	4287	2670	1551	1289	9403	2079	3966	849	2758	4321	2016	677	3262	3037	3530	3624	959	2025	2320	493	951	560	618	1281	2096	1401	427	5067	1227	2149	376	3580	3374	868	2000	1927	166	2780	3194	3473	2887	1744	1171	1825	9369	6597	2126	8573	478	7247	7563	251	2745	108	1793	0	138	2092	1409	2592	3185	2957	8442	1248	4413	10476	2196	476	490	3167	5117	174	2038	1983	3571	500	11782	2923	1015	5494	2402	2324	9156	11575	6332	3907	1069	164	6801	247	2682	4724	10340	8467	1051	6820	22	422	1206	4453	5412	815	734	520	3715	204	542	368	1962	2137	1640	3256	1648	4432	1291	6328	3888	2922	4129	4923	4270	2383	5736	2805	1349	4430	5918	293	10738	306	84	4572	263	8232	4665	2722	1135	9279	2575	2468	10590	9059	7484	2463	10932	9954	3143	10960	8450	1654	2515	147	2798	1333	3508	1043	8346	6760	5525	9431	5812	3651	5136	9203	4486	978	1072	336	10469	698	3310	504	980	1801	1426	239	746	3278	25	188	1354	480	3306	4619	3269	7146	8219	14408	3394	1458	5624	3664	3945	7923	4681	7916	5985	950	765	59	1907	5817	9058	11693	7325	10269	6316	4595	3323	3593	5780	10213	86	2533
TSH	961	1976	3781	5824	2935	656	2762	1149	4336	2383	2483	404	500	1878	11443	402	2374	5379	3233	491	892	3004	1483	3023	3288	983	1793	0	1788	7687	4474	1463	1263	213	1822	4886	165	1057	8847	306	326	4287	991	2670	5985	3789	9516	2965
TSLP	1908	430	1057	7336	1822	3770	1500
TWEAK	2215	9566	1433	887	5061	1182	9470	3810	174	1179	3580	1474	1543	3537	6161	368	10224
Wnt	1195	4530	4510	1233	9240	161	859	1046	3453	2370	379	437	4446	183	842	886	274	592	966	3982	7101	1313	2201	565	844	6820	1281	4301	178	543	1760	1321	550	4332	9972	2274	958	2536	1746	1772	2856	4904	5833	2985	3672	2152	11586	2307	2673	4512	1543	9104	4874	4008	1736	350	2061	698	2007	91	9133	6483	3267	3648	29	1466	7700	3893	2169	5902	5898	3	3303	7350	1966	769	34	6487	1419	2292	4376	6428	10401	2194	5250	3113	7798	7729	3120	9582	4460	22	8739	3256	2354	7707	991	8120	2248	1291	4811	2284	614	2242	8030	4083
