2-arachidonoylglycerol biosynthesis	2632	9487	2605	643	4671
5-Hydroxytryptamine biosynthesis	7179	380	9260
5-Hydroxytryptamine degredation	5847	5258	11791	322	2020	7379	5839	12627	3912	284	4922	3126	9178	1573	4095	3792	1596	119
5HT1 type receptor mediated signaling pathway	6718	947	93	1315	531	1529	1221	6054	991	883	10235	10456	1240	1734	1249	3827	3980	491	481	3795	198	3498	10928	5034	308	1554	7770	1168	5008	4211	4976	892	12471	5197	3233	1342	339	5721	6948	3004	248	663	1021	3163	2936
5HT2 type receptor mediated signaling pathway	947	93	1315	1420	531	5221	1529	1221	698	883	2605	4023	2000	91	1240	1734	1249	5253	452	868	1211	3980	643	481	1620	308	1554	784	1168	4875	4211	4976	2632	402	5197	863	1342	2180	2007	6948	5721	663	248	4264	504	2973	1483	1021	3163	4310	4766
5HT3 type receptor mediated signaling pathway	1529	1240	3980	1554	4211	4976	5197	6948	5721	3163
5HT4 type receptor mediated signaling pathway	947	93	875	531	1529	1561	1221	991	883	1240	1734	1249	3827	822	2477	23	3980	481	198	3498	308	1554	2658	1168	7770	5008	4211	4976	3324	5197	1342	339	6948	248	5721	663	2507	2645	1021	3163	2936
Activin beta signaling_pathway	5947	5806	1868	5867	3433
Adenine and hypoxanthine salvage pathway	922	4272	6052	1045	2763	1790
Adrenaline and noradrenaline biosynthesis	7027	6259	5339	9660	7869	1240	7230	3980	3912	380	3919	4976	4211	6948	5721	10720	1596	6773	3163
ALP23B signaling pathway	5806	1868	5867
Alpha adrenergic receptor signaling pathway	698	2605	3208	2000	91	868	8870	643	2537	5219	2807	784	2632	402	1851	2973
Alzheimer disease-amyloid secretase pathway	22	824	2021	939	3777	471	2586	648	698	993	306	1633	91	303	1217	2095	1415	1743	253	6181	2359	4576	2370	3418	6601	4875	793	2824	2007	504	8884	2268	999	2044	9091	84	389	2518	2190	8014	4764	4343	287	4868	3705	1072	6926	5491	1535	1914	4897	4080	2000	4023	1722	5885	9676	2058	349	6469	868	422	1211	5524	394	3841	788	2764	6283	7483	2244	4238	748	1916	772	1835	4283	1719	263	2629	965	987	6484	5601	701	1141	1358	295	286
Alzheimer disease-presenilin pathway	343	4172	337	3648	471	6799	2309	3303	230	1633	3267	2029	550	379	7019	2651	1415	1820	4913	250	2403	2359	842	3893	274	4734	1466	2169	565	8030	1313	2292	5361	2066	3089	3672	2248	231	11166	100	103	955	3113	161	1091	3	1233	4013	2518	852	4446	4376	8014	4769	5898	2111	4011	4897	1914	34	9676	3861	5448	10199	844	390	5549	1802	4008	10921	4460	5902	2243	2244	4083	10048	6618	639	1966	3055	7700	5833	10474	8195	14172	1419	5250	2083	1851	3420	2544	4592	29	8207	2154
Androgen/estrogen/progesterone biosynthesis	8928	2002	2106	114	3768	5180	395	5971	1355	3856	8595	4989	7343
Angiogenesis	3990	5067	901	6799	1115	3303	698	306	261	971	2029	379	8148	0	983	67	3371	4066	1309	1172	331	271	624	1466	6573	977	2180	7346	7489	2304	4510	161	1162	1233	1015	1649	933	3270	5555	2555	4011	6883	7822	1069	2000	2528	5448	3141	7353	1211	2481	3408	8092	3449	5902	1424	2612	3332	5494	122	7700	4498	5833	6252	441	1392	2200	956	162	254	12973	1851	2055	6820	753	22	2641	7053	4292	9033	1788	5918	859	4367	3687	76	3267	812	3001	1814	91	6369	213	452	1408	990	3600	842	3656	3893	3167	1195	4875	1313	2042	6753	1082	9386	1187	1822	623	2007	138	1123	504	954	389	1417	84	6588	1330	8658	4376	5898	5272	3100	4318	6359	346	5646	166	8899	4023	1501	1659	868	1927	3438	2965	1281	2243	3877	4512	4375	27	6618	490	281	1793	1966	3055	3306	205	307	263	4902	476	3748	2527	5250	5274	701	3050	6159	4592	29	8292	5984	3288
Angiotensin II-stimulated signaling through G proteins and beta-arrestin	93	1221	1115	698	816	308	784	347	2180	248	663	886	720	1964	643	6657	5568	2632	4498	555	1851	2973	1483	1315	531	1788	5918	1911	883	2605	452	3167	1620	2042	6753	2007	84	4766	1420	713	1734	5253	1249	868	4512	490	1168	263	476	929	704	183	1021
Apoptosis signaling pathway	677	3593	698	7197	2215	2961	6625	4507	3840	1937	983	1474	67	6087	761	624	4474	500	6573	7423	5147	7506	8689	4383	6172	1051	2948	6292	9827	3819	6949	3557	10755	6061	3955	5218	4351	2738	2000	1069	422	485	218	9287	1962	4370	2016	8713	2283	4018	4287	4270	6820	753	22	445	1182	1166	3272	3571	814	91	7874	1138	3580	887	1179	326	715	2532	3008	4718	1195	8342	2858	4875	2007	4730	5073	389	84	293	1433	6018	6683	7438	11859	4023	1570	868	1284	9378	3037	1281	2758	4453	8217	205	307	5061	2923	263	849	3262	5274	6614	3183	2387
Arginine biosynthesis	3850	1395	5658	1094	4030	5473
Asparagine and aspartate biosynthesis	1550	6909	4169
ATP synthesis	4029	1890
Axon guidance mediated by netrin	3220	503	0	983	2390	67	2954	5535	2180	1162	8756	3281	7338	2123	6811	8062	752	3053	10106	441	753	1543	452	1408	7110	8038	1746	1793	307	4269
Axon guidance mediated by semaphorins	4454	475	2081	7488	2015	2123	8407	1424	4061	5175	10130	1543	5387	2382	135	3310	1407	4512	3512
Axon guidance mediated by Slit/Robo	3220	6981	503	2390	5191	2954	3281	2555	1961	2123	3340	3053	1543	6774	7110	1616	1798	4938
B cell activation	939	1115	698	306	993	1640	1217	983	67	253	4576	1172	816	784	793	2180	1109	2268	467	3705	1356	6926	1069	2000	2188	1722	2123	2058	2400	349	422	1211	788	643	639	460	2632	4498	555	1835	4283	1719	2629	956	987	4287	1851	2973	295	753	22	824	1788	1543	5918	1166	648	275	2605	3764	91	303	2095	1138	452	1743	2096	3167	1620	2886	3418	4875	2042	2824	2007	504	999	2044	84	389	2190	4766	1420	287	1535	4023	5253	6469	868	3841	2764	59	3833	2701	4238	490	748	1916	772	205	307	263	107	476	965	5601	1358	3288	8279
Beta1 adrenergic receptor signaling pathway	93	875	939	1221	698	993	1217	2477	253	198	4576	308	7770	5008	793	248	663	2507	3260	947	3705	6926	2000	1722	2058	349	1211	23	788	1835	4283	1719	2629	339	987	295	2936	824	531	648	991	883	91	303	2095	3827	822	1743	481	3498	2658	3418	4875	2824	1342	2007	504	999	2044	1561	287	1535	4023	1734	1249	6469	868	2764	4238	748	1916	772	1168	965	2645	5601	1358	1021
Beta2 adrenergic receptor signaling pathway	93	875	939	1221	698	993	1217	2477	253	198	4576	308	7770	5008	793	248	663	2507	947	3705	6926	2000	1722	2058	349	1211	23	788	2622	1835	4283	1719	2629	339	987	295	2936	824	531	648	991	883	91	303	2095	3827	822	1743	481	3498	2658	3418	4875	2824	1342	2007	504	999	2044	1561	287	1535	4023	1734	1249	6469	868	2764	4238	748	1916	772	1168	965	2645	5601	1358	1021
Beta3 adrenergic receptor signaling pathway	93	875	1221	2477	198	308	7770	5008	663	2507	248	947	23	339	2936	531	991	883	3827	822	481	3498	2658	1342	1561	1734	1249	2616	1168	2645	1021
Blood coagulation	3626	7039	5665	4366	7792	971	9139	3817	11676	1644	7782	9552	9860	3870	10893	5422	5974	1633	8857	5529	7	10706	3600	6655	6984	7581	10249	7919	1008	2873	5834	12029	8506	5935	2874	11849	1629	8292
Cadherin signaling pathway	337	4882	3303	1429	2029	1895	7825	4308	379	12111	2403	11076	5719	5886	1466	7659	5361	3089	3672	11182	231	100	161	2023	1091	3	12764	2908	9135	12359	12197	572	12745	12063	5448	5549	4008	33	566	12296	5902	12485	4083	10675	1564	4105	10770	6499	7700	12209	6436	5833	6156	1621	12531	12607	1419	12429	11350	749	8245	7510	2544	592	12500	6356	3648	2745	2227	2309	275	230	3267	12345	12520	550	5293	7378	3989	4913	11821	1363	6208	6848	3893	8509	2008	12568	274	8030	5316	2382	2292	1270	1758	12387	3266	135	2248	3113	10044	4348	4337	2401	8323	3316	852	2409	12005	4376	3090	5898	4228	12140	166	34	4816	4532	7076	878	1663	13276	390	108	12245	2664	4460	11880	7702	6618	8315	1966	1125	4607	12835	7204	906	3772	5675	7312	10920	5250	12227	29	12591	2769	2154	8373	12461	1701
Cell cycle	10331	691	2483	4332	1149	278	3278	2383	746	7308	5658	889	1321	7516	4547	2762	1578	1747	1033
Cholesterol biosynthesis	6169	9187	10453	2562	6767	1045	3869	2168	4788	8364	7623	8458	6393	10344	7523
Circadian clock system	6763	2856	10828	6749	10673	2712	3486	1772	3030
Coenzyme A biosynthesis	11263	5304	4419	2365	10030	9148	10652	11113
Cortocotropin releasing factor receptor signaling pathway	93	1529	1221	1240	308	863	663	248	947	1953	4211	4976	402	5197	5721	1483	531	883	481	4819	1342	8991	1561	3254	1734	1249	1554	1168	6948	1021
Cytoskeletal regulation by Rho GTPase	10721	8774	337	5489	1971	4114	1302	503	9424	5908	10010	4066	12498	9894	2062	1622	5535	7748	100	2575	1091	6094	5377	4393	2555	12491	3284	2123	8062	46	3141	1702	1424	9128	2107	6569	11725	124	9153	5300	1543	7810	9385	2309	1022	3456	12381	11122	10879	2265	891	2553	160	6497	852	2067	134	1555	10763	3310	390	3438	7955	1238	5254	4943	11300	8825	3748	2154
De novo purine biosynthesis	4909	5188	7174	4229	1903	1671	4117	5238	5998	154	6358	1471	5287	551	5521	625	2806	6935	6647	7276	1122	2559	4219	3692	3252	3632	5249	5878	8510
De novo pyrimidine deoxyribonucleotide biosynthesis	4909	5188	5814	7174	8644	4117	6935	8593	1122	2559	3692	6741	8510
De novo pyrimidine ribonucleotide biosythesis	4909	3057	4710	1122	2559	8510
DNA replication	2800	2918	1569	5579	11731	549	5252	2241	505	1783	2693	2149	3299	4364	443	131	3225	5009	2341	12711	3494
EGF receptor signaling pathway	3052	902	3157	786	4409	1500	698	6328	306	2961	1640	5768	983	67	1172	1899	624	272	4301	4214	2180	1018	4097	2268	1162	9999	1840	1248	933	5555	7358	2000	2123	752	422	1211	3759	4154	4498	1621	1392	441	9708	956	450	4923	4270	6820	753	1732	22	877	2975	6760	1788	1543	2438	5918	2745	6066	2778	230	76	1814	91	213	452	5011	751	2096	3167	1093	1195	4129	4875	927	3888	4800	178	2929	1637	2888	2007	1020	138	504	811	5700	389	84	2190	4104	1330	4023	868	7098	3841	108	2965	159	4968	8302	27	4453	490	307	263	5274	3978	6159	3770	2922	3288	1291
Endogenous_cannabinoid_signaling	93	1221	2885	308	892	3233	663	1315	531	883	481	2044	1249	4238	1916	1168	3004	1021
Enkephalin release	93	875	1221	2477	9322	198	308	7770	5008	892	3233	663	2507	248	947	23	491	5661	339	2936	531	991	883	3827	822	481	3498	2658	1342	1561	1734	1249	1168	2645	3004	1021
FAS signaling pathway	8352	677	9776	6573	7513	9246	2668	2738	1069	422	210	4018	4270	6820	22	13234	5241	887	2532	2561	2570	4730	389	5666	5061	12238	3262	3183	2387	2092
FGF signaling pathway	911	3157	4409	6328	698	306	2961	821	1640	5768	983	1398	67	3371	1172	624	546	4301	2180	4097	1773	2268	1162	9999	2162	1840	5555	7358	2000	2123	422	1211	55	1831	1396	4498	1392	441	413	9708	2346	956	4923	4270	6820	753	1732	22	1788	2438	1543	5918	3603	2778	2440	91	213	1257	452	1876	3656	2096	3167	1195	1579	782	2886	3261	4129	4875	8539	3888	1082	1187	178	2929	2888	2007	504	389	84	6829	2190	4104	225	4023	730	868	7098	3841	4968	2389	27	4453	490	307	263	831	5274	3978	2726	361	3288	1291
Flavin biosynthesis	8075	9369
Formyltetrahydroformate biosynthesis	5545	8644	8556	5831	1274	5540	6728	4616
Fructose galactose metabolism	4656	1625	8872	8317	1147	1645	7535	9801	5045	9130	4826
GABA-B receptor II signaling	93	875	1221	198	308	5008	892	3233	2507	663	5436	23	339	1185	2936	1315	531	991	883	3827	822	481	3498	2658	2044	1741	1249	4238	5913	1916	1399	1168	2645	3004	1021
Gamma-aminobutyric acid synthesis	4099	3235	3953	5578	921
GBB signaling pathway	5947	5806	5436	5763	5867	5913	6779
General transcription by RNA polymerase I	6035	96	2466	1910	8455	2798	8514	7936	4253	2515	6482	1889
General transcription regulation	1503	5621	4692	8937	81	3618	3195	3508	5036	2466	1910	438	768	3601	8455	1345	3124	8514	2749	5020	3368	3375	7639	3415	899	6343	2272	1662
Glutamine glutamate conversion	2710	2196	4747	3495
Glycolysis	5437	5464	1625	4403	6696	840	4065	1147	7849	6472	1422	1440	9801	4957	3439	2368	4826	3621
Hedgehog signaling pathway	2823	5485	7768	427	2856	5008	5874	161	6040	2936	2041	5318	4041	168	9154	2939	1741	966	5319	1399	3908	3453
Heme biosynthesis	3815	11541	3987	8212	9376	5359	9745	3159	11109	9221
Heterotrimeric G-protein signaling pathway-Gi alpha and Gs alpha mediated pathway	4397	875	1221	3321	4507	10235	427	9583	8630	4628	4538	2477	10421	12519	9322	8870	2537	198	11976	10878	308	2004	7770	5008	892	347	3233	1067	2276	8895	2507	248	3260	161	4310	7856	947	720	12185	936	9210	710	89	1595	12605	3208	221	180	23	2938	8066	491	7397	3338	7483	1049	3229	12257	942	639	416	5661	2622	1448	1003	10887	5684	339	1141	10136	1185	2936	880	1184	9220	6718	279	531	3697	1911	991	883	8301	3827	822	6525	651	5933	9422	4667	481	3498	739	2807	7729	2658	3068	6601	6896	12471	8260	1342	2195	3342	3949	1475	1741	5221	1561	4343	11486	1052	2407	9280	8222	3890	12524	3331	10456	5944	846	713	1249	680	2616	917	2437	10928	1399	1168	808	3324	3588	3583	2645	1129	4264	2700	10116	1021	286	736
Heterotrimeric G-protein signaling pathway-Gq alpha and Go alpha mediated pathway	93	316	939	1221	1115	698	993	3321	9583	1549	1217	4628	10421	253	12519	9322	4576	10878	308	793	347	863	1067	2276	8895	248	663	8288	10100	8386	7856	947	720	936	9210	3705	89	1595	6926	2000	1722	221	2058	349	1211	180	788	643	3338	7483	1049	3229	12257	942	639	2521	12164	416	5661	2632	402	1835	1003	4283	1719	2629	10887	5684	987	1851	1141	2973	10136	1483	295	1185	880	9220	824	531	3697	648	1911	883	8301	2605	91	303	2095	1743	651	9422	4667	481	739	3418	6601	4875	2042	2824	1342	2195	2007	3342	504	999	2044	3949	287	4343	11486	1052	1535	9280	8222	3890	4023	3331	5944	713	846	6469	1249	868	3310	779	2764	4369	4512	4238	748	1916	772	1168	808	3588	965	5601	3004	1129	2700	10116	1358	7295	1021	286
Heterotrimeric G-protein signaling pathway-rod outer segment phototransduction	1221	6026	10068	198	308	4948	248	663	947	936	639	339	3114	531	991	883	481	10245	5961	1342	2203	8456	1475	1734	1249	779	1168	3588	1021
Histamine H1 receptor mediated signaling pathway	93	1221	1115	698	308	784	863	2180	663	248	947	2000	1211	643	2632	402	1851	2973	1483	531	883	2605	91	452	481	1620	4875	2042	1342	2007	504	4766	1420	4023	1734	1249	5253	868	1168	1021	736
Histamine H2 receptor mediated signaling pathway	93	875	1221	2477	198	308	7770	5008	248	663	2507	947	23	339	2936	531	991	883	3827	822	481	3498	2658	1342	1561	12524	1734	1249	1168	2645	1021
Huntington disease	677	337	939	1386	427	2550	1302	4069	3452	503	5138	2403	2447	8334	624	8382	8417	793	2417	5777	10710	100	1091	1148	5615	2396	7003	1672	2254	3705	3694	1069	2123	46	2392	422	210	5077	7048	2121	5643	2107	1719	8025	468	2629	31	118	11725	7586	295	6820	279	2898	7521	10797	5300	1818	1543	4119	445	9385	2309	2110	3456	2095	4885	1743	3366	1176	887	11122	918	8061	4942	2583	314	1440	1195	10888	1131	2553	160	3532	4094	6497	9185	852	1692	4374	10086	6746	1326	6363	1985	2765	3019	390	1713	2764	363	7955	4453	3658	772	5239	6998	205	11300	5274	6343	454	3905	679	1358	2387	2154
Hypoxia response via HIF activation	427	0	983	67	624	2493	232	162	753	7616	2041	975	1408	9230	1195	5526	3886	1367	7696	27	1793	7538	307	2839	5274
Inflammation mediated by chemokine and cytokine signaling pathway	10721	93	875	337	1852	316	3357	1115	652	1971	2993	4114	657	3501	503	0	5908	983	2477	4504	10010	67	198	8137	5366	1172	624	308	784	897	5008	3889	892	9894	1159	863	1622	2062	3233	2180	5667	729	2507	248	100	2183	2575	8898	3553	857	1162	1091	5377	6094	5407	4393	947	5555	1327	7666	2555	12491	5167	5603	1069	2000	2123	6811	752	46	5851	3141	5715	2740	2613	23	298	491	5492	643	8022	1424	9128	3759	4817	4017	3466	2107	2632	402	441	339	956	1851	6569	5422	2973	1483	3330	124	2936	753	2080	2641	2898	4459	1064	9153	531	1788	1543	7810	1166	1911	2309	1316	991	2605	1563	3764	213	3456	3827	452	1138	822	5353	4936	12381	1408	3027	2512	10879	481	72	3498	1177	10045	2315	891	1195	1620	5063	3552	3218	2658	1746	2042	8883	1342	7985	2290	3367	2007	504	11846	84	1140	4766	1741	9185	852	1420	8784	2067	5424	134	3040	9382	1555	10763	4481	1367	5253	164	390	4789	1057	2965	4164	3835	582	2494	27	4512	2790	5531	490	4266	1793	4372	1399	1168	5268	307	263	4938	3748	2645	5274	3004	1461	4506	4269	1021	6440	2154	7073	219	3577
Insulin/IGF pathway-mitogen activated protein kinase kinase/MAP kinase cascade	2961	6063	2741	1463	4401	4370	5568	4498	1392	950	4706	3463	140	1788	5918	169	3167	2178	1263	4499	5985	84	7146	6382	490	205	2441	263	1849
Insulin/IGF pathway-protein kinase B signaling cascade	7452	983	2741	232	1327	1463	4370	950	3378	4706	2178	1263	4499	1367	582	2441	1849
Integrin signalling pathway	6431	337	3752	2961	1640	11385	1549	1553	1527	5138	3755	0	4636	983	2390	67	7349	8137	5366	1172	9250	514	9267	1031	1779	2957	461	959	1159	2062	4301	4639	3885	2304	4509	1568	3553	1617	857	1162	2268	1091	1148	10100	157	881	743	6967	2555	1299	767	193	7232	2308	2676	5603	2123	8062	3317	4491	46	422	2613	2545	678	4325	292	7058	4627	3759	6070	2786	2521	1594	437	2107	4498	6252	441	8480	956	294	4133	209	810	4270	124	2982	753	2895	6820	214	22	3702	1436	1788	1543	5918	2465	1316	2318	3001	3490	3456	213	2491	1408	5697	3575	1077	5183	638	6092	2096	3167	7257	2315	163	1901	1323	7326	135	995	117	1965	389	2915	1140	3634	9185	1330	7660	4660	1326	828	7622	166	809	2873	7360	1505	4996	3934	644	4512	27	4375	490	517	2564	1793	2172	3306	1438	307	263	7845	10181	3058	701	11192	1774	1968	2154	3288
Interferon-gamma signaling pathway	306	3139	4907	4486	8898	2268	2514	5885	422	8022	1209	5663	22	2443	4936	1177	2886	165	8883	1822	138	84	389	2190	4110	3841	1057	263
Interleukin signaling pathway	2269	1500	1459	6904	6063	7015	0	983	67	365	683	2516	1172	624	2141	3327	13264	3729	2183	161	1162	1288	1751	2072	1327	70	5885	752	854	9346	6283	4082	4401	3408	9906	4154	5568	441	1392	2200	950	956	1748	753	3463	5141	5185	2378	975	1788	140	1301	1166	3411	213	1138	1408	4336	398	3167	1195	3552	5458	4800	1263	1020	138	4425	84	1330	920	1828	1367	8154	2965	582	27	7891	490	1793	3213	4022	205	307	1036	263	3690	5274	701	3770	219
Ionotropic glutamate receptor pathway	939	698	993	9064	1217	1240	253	198	4576	7770	5008	793	1244	3705	6082	6926	1262	845	9833	2000	1722	2058	349	1211	788	1049	6891	1835	1719	4283	2629	987	339	5536	5721	295	2936	824	648	991	91	303	2095	1362	3827	1743	6655	732	72	3498	11648	3418	4875	2824	2290	2007	504	999	2044	287	1535	4023	6469	868	2764	8255	2723	4238	748	1916	772	808	965	704	6948	1496	5601	1358	6440
Isoleucine biosynthesis	7373	8523
JAK/STAT signaling pathway	1500	306	3139	4486	4154	5663	1748	4886	1822	1020	138	1057	2965	107	3770
Lipoate biosynthesis	105	10612
Lysine biosynthesis	7582	462
Mannose metabolism	5112	9377	5589	5235	5906	10644
Metabotropic glutamate receptor group I pathway	316	1115	698	3321	198	816	784	7770	793	2180	3705	643	639	2632	402	555	1719	339	1851	2973	1483	295	15167	991	2605	2095	452	3167	1620	2042	6753	2007	10937	4766	1741	1420	3331	6051	5253	868	2764	8255	490	1399	772	476	1358
Metabotropic glutamate receptor group II pathway	93	1221	198	308	7770	5008	892	3233	663	248	491	1049	5584	339	2936	1315	531	991	883	3827	481	3498	2044	1741	1734	1249	748	1916	1399	1168	808	965	3004	1021	6440
Metabotropic glutamate receptor group III pathway	93	1221	198	308	7770	5008	892	3233	248	663	491	1049	1003	339	2936	531	991	883	3827	481	3498	2195	2044	1741	1734	1249	748	1916	1399	1168	808	965	1129	2700	1021	6440
Methylmalonyl pathway	10549	4626	3461	8107	301
mRNA splicing	2733	9811	12314	2013	4798	4068
Muscarinic acetylcholine receptor 1 and 3 signaling pathway	93	1529	1221	1115	698	1240	4611	299	816	308	784	8477	6050	863	2180	12928	663	248	5928	947	3754	936	3705	9833	2000	2058	1211	5524	643	7483	639	4211	4976	1534	2632	555	402	1719	987	6484	5721	1851	2973	1483	1315	531	1462	883	2605	91	303	2095	452	481	2370	3167	1620	3418	4875	2042	6753	1342	2007	504	1068	4766	1420	597	4343	287	1072	4023	4080	1734	1249	5253	868	2764	8255	490	1554	772	1168	3105	650	476	1951	6948	1454	1358	1021	1320	567
Muscarinic acetylcholine receptor 2 and 4 signaling pathway	93	1529	1221	1240	4611	299	198	308	7770	5008	8477	6050	892	3233	1067	2276	12928	248	663	5928	3754	9833	2058	5524	491	5584	4976	1534	4211	339	987	5721	1185	2936	1315	531	3697	1462	991	883	303	481	2370	3418	6601	2203	1068	1741	597	287	1734	1249	1399	1554	1168	3105	650	1951	3004	6948	1454	1021	6440	286	1320	567
MYO signaling pathway	5947	5806	1868	5867	11114	8803
N-acetylglucosamine metabolism	1755	2902	7310	5264	3042	1526	3967	7786	7086
Nicotine degradation	2995	6228	2334	6954	4802	6572	335	4470	3642
Nicotine pharmacodynamics pathway	875	939	1221	7392	698	993	7707	1217	2477	2354	253	198	4576	7770	5008	2957	793	1728	3233	2507	10908	3705	6054	6926	2000	1722	2058	349	1211	23	788	942	1835	4283	1719	2629	339	987	295	2936	824	648	991	91	303	2095	3827	822	1743	3498	6639	2658	3418	4875	2824	1342	2007	504	6773	999	2044	1068	287	1535	3890	4023	6469	868	2764	5034	4238	748	1916	772	965	2645	5601	1358	3163	567
Nicotinic acetylcholine receptor signaling pathway	10721	337	1529	1971	13836	1240	4611	5908	299	10010	8477	6050	9894	1622	12928	5500	100	1091	5928	6094	3754	721	12491	982	9833	12399	2058	9971	5524	9128	9535	12401	4976	1534	4211	12165	987	5721	6569	533	9153	10827	9475	7810	1462	2309	700	303	12381	4477	12247	10879	2370	8994	3418	12272	12489	1068	4645	852	597	287	10763	13015	390	5957	4569	1554	3105	12701	650	11363	11367	13723	1951	6948	1454	14189	2154	1320	567
Notch signaling pathway	2021	6799	8148	1016	7527	5588	7489	5114	4011	1914	4715	8092	8318	4017	7690	4292	4432	4555	6369	3185	250	2518	1044	9568	4318	2705	3007	2243	2244	3055	205	8123	4592	3288
O-antigen biosynthesis	1526	3967	7086
Opioid proenkephalin pathway	93	875	1529	1221	1240	2477	9322	198	308	7770	5008	11796	892	3233	663	2507	248	947	12095	23	491	4211	4976	5197	339	5721	2936	531	991	883	3827	822	481	3498	2658	1342	1734	1249	1554	1168	6948	2645	1021
Opioid proopiomelanocortin pathway	93	875	1529	1221	1240	2477	9322	198	308	7770	5008	892	3233	663	2507	248	947	23	491	4211	4976	5197	339	5721	2936	531	991	883	3827	822	481	3498	2658	1342	8991	1734	1249	1554	1168	6948	2645	3004	1021
Oxidative stress response	2724	8529	306	5070	2961	9847	3731	7709	6021	6850	3729	2268	2968	7974	841	1069	854	422	9346	485	5789	5568	6534	6820	2641	22	2986	9550	5259	4456	5279	420	7445	2190	1319	7887	6465	3841	4693	6496	7877	3978	3773
Oxytocin receptor mediated signaling pathway	93	1221	698	308	784	863	2180	663	248	148	947	2000	1211	643	2632	402	2973	1483	531	883	2605	91	452	481	1620	4875	1342	2007	504	4766	1420	4023	1734	1249	5253	868	1168	1021
p38 MAPK pathway	306	2960	2961	9847	503	7709	5088	8334	6719	4301	3729	2268	1015	2968	2123	9346	3332	5568	2200	2865	4270	6820	247	1543	169	6502	2805	6125	4425	5736	2190	7146	1570	3841	1401	680	4693	3213	1099	3978	3773
p53 pathway	3157	4356	1459	6823	691	2483	2550	624	3994	257	174	3653	5541	4950	2392	2704	584	5127	404	1732	279	2519	445	1531	7041	1195	1365	178	3497	3143	9081	582	1099	5274	336	1190
p53 pathway by glucose deprivation	7452	65	3157	2550	624	4526	6200	6978	3184	2633	2392	3378	606	445	1195	178	5274	6513
P53 pathway feedback loops 1	4356	2550	2392	445	1531	2001
p53 pathway feedback loops 2	3157	1459	306	2483	2550	379	0	983	67	624	1162	2268	2383	752	2392	441	404	753	445	2643	1437	1408	1195	178	2271	623	934	2190	3841	582	27	1793	617	307	5274
Parkinson disease	2823	728	6259	1171	923	6328	6270	306	2483	1256	1794	2856	7050	4474	3919	500	11796	603	347	4383	6172	4240	3278	1132	9092	391	4245	5885	422	6283	33	566	5594	4707	853	71	5568	477	1151	2926	1118	294	3232	11443	4923	9361	1732	22	7308	2041	1231	2227	275	3571	9612	2436	4041	3185	715	19	1878	9204	201	4129	12025	6598	2382	3888	444	135	6773	4242	84	389	1772	2190	6158	3100	966	166	1733	713	2473	4360	2790	1192	1879	6095	1125	7538	263	2923	2839	4368	569	2608	2922	1291
PDGF signaling pathway	6431	4409	1500	6085	1115	261	1640	8053	6063	5768	0	7568	983	67	7972	6524	4066	1309	1172	3349	331	624	784	9423	4301	2180	3729	161	1162	1248	5555	1327	7358	467	8083	6473	1069	2000	5885	752	854	3340	9346	7590	11710	6283	643	4401	11775	4154	5568	2632	4498	441	4610	1392	2200	956	1851	2973	7441	1748	214	753	3463	5141	22	10451	1788	8728	140	5918	1166	3687	76	2605	3764	812	213	1138	452	1408	5596	169	751	3167	7729	1195	1620	10437	8942	2042	4800	5635	12348	1822	2007	5669	1020	954	138	504	4425	5985	4173	389	84	4766	1330	1420	1013	251	346	7146	1367	5253	7098	3438	9857	1057	6771	2965	6382	582	2701	27	3554	490	1793	205	307	1272	263	476	3443	701	3770	1160	10076	3288
Pentose phosphate pathway	981	3502	2635	1147	6472	4298	9863	9801	2599	7963	3074	7993	4826
PI3 kinase pathway	93	1221	0	983	1172	624	6573	892	863	3233	3069	663	161	1327	4209	936	7826	3222	752	491	3408	6657	5584	402	950	4706	4923	1483	3745	3713	883	1408	3167	6511	1195	4129	8991	5985	1828	1734	1367	1249	8172	6382	582	1838	490	1793	307	5274	3288	10681
Plasminogen activating cascade	7792	3611	9139	7130	7782	1028	9860	9638	4754	5974	7	7925	10359	6770	5834	8506	1629
Purine metabolism	6991	3896	1045	1790	7341
Pyridoxal phosphate salvage pathway	8500	8167
Pyruvate metabolism	6319	2088	5058	840	2863	2869	1422	1180	1216	7409	8119	5439
Ras Pathway	7323	306	2960	2961	6063	503	0	983	3372	67	1114	4066	1172	624	6805	4301	161	1162	2268	2555	7687	1069	2123	3141	422	4401	1424	3332	4017	5568	4498	6252	441	2200	956	2055	6820	753	3463	22	1788	140	1543	5918	213	5344	1408	990	326	3167	7729	1195	138	4425	1507	84	389	2190	1330	3100	346	3438	3841	2965	1281	582	4512	27	4453	490	1793	307	263	476	3748	3978	5274	10611	3288
S adenosyl methionine biosynthesis	4317	5540	741
Salvage pyrimidine deoxyribonucleotides	5433	3011	85	6741
Salvage pyrimidine ribonucleotides	4909	5947	9710	3011	9074	7276	6701	1122	3692	6741
Serine glycine biosynthesis	5923	3965	5260	1723
Succinate to proprionate conversion	10549	4626	8216
Synaptic vesicle trafficking	8969	4009	1240	6435	2049	9641	4211	1434	5536	8341	10822	7273	8094	1462	589	10274	3681	8964	2003	5856	1951
T cell activation	939	68	3693	1115	698	993	1217	503	2158	0	983	67	253	4576	1742	1172	331	624	816	784	793	232	2180	4400	2756	467	770	3705	1356	6926	1069	2000	1722	2058	349	422	3141	1211	1688	788	643	1424	639	2632	4498	555	1835	4283	1719	2629	956	987	294	4287	1851	2973	295	753	69	22	824	1788	1543	5918	1166	648	1175	2605	3764	91	303	2095	1138	452	1743	1408	3167	1195	1620	3418	4875	2042	2824	2007	954	504	999	2044	84	4766	1330	1420	1013	287	1535	4023	1367	5253	6469	868	2764	1281	3833	2701	27	4238	490	1879	748	1916	1793	772	1839	205	307	263	107	476	965	3748	5274	681	5601	1358	3288
TCA cycle	2088	6593	5336	2869	2852	7071	7142	1216	7842	8368	10046	8119
TGF-beta signaling pathway	1707	5733	7323	3000	856	1154	306	1273	2993	9060	427	6423	496	1172	3178	7038	670	3174	6800	1881	1050	2364	5654	2268	2061	3203	5317	4005	2122	1069	2871	557	422	5381	5282	2344	8361	3759	8803	2909	4051	6936	6260	3171	279	22	5967	5843	1251	3723	1627	9247	224	326	5622	464	8381	706	4571	1402	84	389	3717	5736	132	2190	979	2361	7899	2718	1715	3128	3433	1704	164	3841	2185	1401	2735	2184	5504	1486	5606	263	1768	635	1418	501	3852	3288	7771
Thyrotropin-releasing hormone receptor signaling pathway	93	939	1529	1221	1115	698	993	1240	1217	253	4576	816	308	784	793	863	2180	663	248	947	3705	11800	6926	2000	1722	2058	349	1211	788	643	4976	4211	2632	555	402	5197	1835	4283	1719	2629	987	5721	1851	2973	11443	1483	295	824	531	648	883	2605	91	303	2095	452	1743	481	3167	1620	1878	3418	4875	2042	2824	1342	2007	504	999	2044	4766	1420	287	1535	4023	1734	1249	5253	6469	868	2764	4238	490	748	1916	1554	772	1168	476	965	5601	6948	1358	1021	11001
Toll receptor signaling pathway	306	2961	10868	731	3898	6641	10594	5815	3819	1551	2343	1069	7897	422	9478	484	5568	4498	3384	4287	6820	5572	22	247	5918	1166	455	10391	6959	1138	112	823	4188	1096	2805	2005	9334	84	389	5736	4777	4430	3916	37	5817	1401	1281	3966	3624	9314	263	618	3978	2101
Transcription regulation by bZIP transcription factor	1503	427	5621	5008	4692	8937	81	3618	3195	3508	5036	2466	1910	438	768	3601	8455	1345	3124	1602	8514	2749	11249	5020	2936	1184	279	3368	1043	3068	3375	7639	3415	1741	1692	2407	8766	899	917	2437	6482	1399	6343	2272	1662
Triacylglycerol metabolism	4333	9487	227	6360	2178	4623
Vasopressin synthesis	8472	3242	1777	3567	2240	15188	5926	688	8172	1959	7166
VEGF signaling pathway	5067	901	1115	698	306	0	983	67	1172	271	6573	784	977	2180	1162	1015	933	1327	6883	2000	752	2528	1211	643	3408	2612	3332	2632	4498	441	2200	956	162	12973	1851	2973	753	2641	9033	1788	5918	76	2605	1814	91	452	1408	1195	1620	4875	2042	6753	623	2007	1123	504	84	1417	6588	4766	1330	1420	5272	346	8899	4023	1367	5253	868	582	4375	27	1793	3306	307	263	701	6159	3288
Vitamin B6 metabolism	8500	8167
Vitamin D metabolism and pathway	978	2209	6044	12029
Wnt signaling pathway	93	7323	4517	3157	9995	1221	2985	856	2471	698	1429	4882	1895	427	4308	12111	3945	2848	7038	624	2856	308	5361	11182	8623	248	4510	10007	174	4097	161	3	2061	886	2038	5597	947	9135	12359	12197	572	5155	2000	5448	10684	566	7930	12296	1564	4105	10770	4126	3790	12209	2503	2632	402	12531	3232	749	1851	3707	8245	2973	7510	1483	2544	7030	592	279	12500	531	2345	859	2227	883	2605	550	1437	5293	8680	7378	3989	5097	4041	3795	3893	8509	12568	274	464	4166	4875	8030	4601	2042	5316	2292	1342	178	9473	2929	3266	2888	5624	2007	504	1402	4348	10044	4337	1772	8323	202	12005	4376	3090	5898	4816	13276	6487	1401	12245	4460	7702	3833	1737	543	1966	1168	3664	12835	906	3772	3362	9379	7312	10920	614	5274	5250	2201	12227	1021	29	5054	3453	2823	316	5741	1171	2274	1115	3303	9582	2029	1458	7825	379	11076	5719	5886	1466	565	4259	7659	3889	863	3089	3672	231	663	6556	2756	1233	1840	12764	2908	403	13262	1356	12745	5591	12063	6811	1211	7353	844	5549	4008	643	33	5594	5902	12485	10675	4083	10260	2753	6499	7700	122	6436	6156	5833	12607	1419	12429	12544	11350	6195	2264	4904	1913	6356	3648	445	3394	2778	1242	3267	12345	12520	9418	91	4913	11821	6208	1363	481	6848	842	1195	8215	2284	1313	1746	6753	1270	1758	12387	2248	3113	5325	84	132	979	3316	2409	1532	2718	4228	966	12140	34	4023	4532	7076	1663	868	779	2664	8270	11880	4423	4360	6618	3932	8315	12316	4607	7204	263	9104	5675	6483	183	3714	4269	2769	12591	8373	12461	1701
Xanthine and guanine salvage pathway	1045	1790	3632	2763	6052	7341
Pyrimidine metabolism	3235	2081	4558	3011	7104	5659	3896	8407	1045	4949	3512
ubiquitin proteasome pathway	6734	25	10868	8981	6069	3907	3278	5211	2533	1862	480	711	4245	5068	6704	5966	1693	1845	6170	1531	5702	5329	1296	6192	3639	3717	4777	2694	1289	13384	4765	7902	2473	6095	5509	1747	5606	3968	8552	86	1443
